日期,股票代码,名称,收盘价,最高价,最低价,开盘价,前收盘,涨跌额,涨跌幅,换手率,成交量,成交金额,总市值,流通市值
2020-11-18,'002380,科远智慧,16.21,16.29,16.03,16.12,16.05,0.16,0.9969,0.8342,2001906,32358459.16,3890264630.29,3890264630.29
2020-11-17,'002380,科远智慧,16.05,16.26,15.95,16.2,16.3,-0.25,-1.5337,1.0231,2455255,39490667.83,3851865966.45,3851865966.45
2020-11-16,'002380,科远智慧,16.3,16.34,15.75,15.87,15.85,0.45,2.8391,1.3166,3159743,50885233.36,3911863878.7,3911863878.7
2020-11-13,'002380,科远智慧,15.85,15.92,15.66,15.85,15.87,-0.02,-0.126,0.7687,1844827,29120015.57,3803867636.65,3803867636.65
2020-11-12,'002380,科远智慧,15.87,15.97,15.74,15.83,15.78,0.09,0.5703,0.7641,1833669,29040309.03,3808667469.63,3808667469.63
2020-11-11,'002380,科远智慧,15.78,16.3,15.77,16.24,16.1,-0.32,-1.9876,0.895,2147996,34300258.88,3787068221.22,3787068221.22
2020-11-10,'002380,科远智慧,16.1,16.39,15.98,16.36,16.25,-0.15,-0.9231,0.8788,2108963,34047189.97,3863865548.9,3863865548.9
2020-11-09,'002380,科远智慧,16.25,16.53,16.19,16.19,16.11,0.14,0.869,1.4861,3566398,58294034.52,3899864296.25,3899864296.25
2020-11-06,'002380,科远智慧,16.11,16.46,15.97,16.43,16.42,-0.31,-1.8879,1.2823,3077311,49734058.95,3866265465.39,3866265465.39
2020-11-05,'002380,科远智慧,16.42,16.55,16.15,16.42,16.38,0.04,0.2442,1.2553,3012629,49254356.34,3940662876.58,3940662876.58
2020-11-04,'002380,科远智慧,16.38,16.53,15.81,16.01,15.98,0.4,2.5031,1.8469,4432353,71955203.79,3931063210.62,3931063210.62
2020-11-03,'002380,科远智慧,15.98,16.04,15.78,15.86,15.89,0.09,0.5664,1.2708,3049788,48622424.04,3835066551.02,3835066551.02
2020-11-02,'002380,科远智慧,15.89,15.94,15.2,15.38,15.42,0.47,3.048,1.8711,4490477,70574704.96,3813467302.61,3813467302.61
2020-10-30,'002380,科远智慧,15.42,15.88,15.35,15.35,15.38,0.04,0.2601,1.628,3907000,60997649.84,3700671227.58,3700671227.58
2020-10-29,'002380,科远智慧,15.38,15.48,15.18,15.35,15.49,-0.11,-0.7101,0.7079,1699004,26051607.36,3691071561.62,3691071561.62
2020-10-28,'002380,科远智慧,15.49,15.62,15.13,15.6,15.52,-0.03,-0.1933,1.0316,2475833,38069963.24,3717470643.01,3717470643.01
2020-10-27,'002380,科远智慧,15.52,15.6,15.36,15.57,15.49,0.03,0.1937,0.9157,2197719,34090967.37,3724670392.48,3724670392.48
2020-10-26,'002380,科远智慧,15.49,15.63,15.13,15.26,15.13,0.36,2.3794,1.6152,3876349,59850122.51,3717470643.01,3717470643.01
2020-10-23,'002380,科远智慧,15.13,15.63,15.13,15.57,15.55,-0.42,-2.701,1.0888,2613100,40173933.7,3631073649.37,3631073649.37
2020-10-22,'002380,科远智慧,15.55,15.63,15.2,15.29,15.4,0.15,0.974,0.8154,1956902,30277439.1,3731870141.95,3731870141.95
2020-10-21,'002380,科远智慧,15.4,15.67,15.32,15.66,15.59,-0.19,-1.2187,0.6575,1577900,24343062.85,3695871394.6,3695871394.6
2020-10-20,'002380,科远智慧,15.59,15.59,15.09,15.29,15.23,0.36,2.3638,1.0523,2525519,38977848.96,3741469807.91,3741469807.91
2020-10-19,'002380,科远智慧,15.23,15.64,15.23,15.41,15.35,-0.12,-0.7818,0.8781,2107300,32487426.0,3655072814.27,3655072814.27
2020-10-16,'002380,科远智慧,15.35,15.38,15.21,15.28,15.29,0.06,0.3924,0.5799,1391801,21294489.01,3683871812.15,3683871812.15
2020-10-15,'002380,科远智慧,15.29,15.55,15.26,15.45,15.5,-0.21,-1.3548,0.655,1572042,24149065.58,3669472313.21,3669472313.21
2020-10-14,'002380,科远智慧,15.5,15.58,15.37,15.55,15.58,-0.08,-0.5135,0.6471,1553000,24015399.0,3719870559.5,3719870559.5
2020-10-13,'002380,科远智慧,15.58,15.62,15.41,15.54,15.62,-0.04,-0.2561,0.9146,2194922,34078356.74,3739069891.42,3739069891.42
2020-10-12,'002380,科远智慧,15.62,15.65,14.92,14.99,14.89,0.73,4.9026,1.8555,4452979,68522888.07,3748669557.38,3748669557.38
2020-10-09,'002380,科远智慧,14.89,15.18,14.53,14.58,14.34,0.55,3.8354,1.5349,3683702,54858996.96,3573475653.61,3573475653.61
2020-09-30,'002380,科远智慧,14.34,14.84,14.2,14.83,14.83,-0.49,-3.3041,1.5608,3745742,54338127.5,3441480246.66,3441480246.66
2020-09-29,'002380,科远智慧,14.83,15.05,14.71,14.84,14.82,0.01,0.0675,0.8838,2121025,31542507.68,3559076154.67,3559076154.67
2020-09-28,'002380,科远智慧,14.82,14.96,14.75,14.92,14.93,-0.11,-0.7368,0.4724,1133626,16830716.9,3556676238.18,3556676238.18
2020-09-25,'002380,科远智慧,14.93,15.02,14.72,15.01,14.87,0.06,0.4035,0.5478,1314580,19529698.41,3583075319.57,3583075319.57
2020-09-24,'002380,科远智慧,14.87,15.26,14.86,15.1,15.24,-0.37,-2.4278,0.8166,1959665,29420937.75,3568675820.63,3568675820.63
2020-09-23,'002380,科远智慧,15.24,15.43,15.04,15.1,15.04,0.2,1.3298,0.6898,1655480,25185727.02,3657472730.76,3657472730.76
2020-09-22,'002380,科远智慧,15.04,15.36,15.01,15.26,15.36,-0.32,-2.0833,1.0323,2477360,37542241.97,3609474400.96,3609474400.96
2020-09-21,'002380,科远智慧,15.36,15.69,15.31,15.68,15.66,-0.3,-1.9157,1.0004,2400943,37222562.69,3686271728.64,3686271728.64
2020-09-18,'002380,科远智慧,15.66,15.68,15.34,15.47,15.53,0.13,0.8371,0.9322,2237204,34786429.92,3758269223.34,3758269223.34
2020-09-17,'002380,科远智慧,15.53,15.6,15.3,15.5,15.5,0.03,0.1935,0.8284,1988144,30713583.64,3727070308.97,3727070308.97
2020-09-16,'002380,科远智慧,15.5,15.6,15.29,15.37,15.4,0.1,0.6494,0.7831,1879300,29017661.0,3719870559.5,3719870559.5
2020-09-15,'002380,科远智慧,15.4,15.64,15.28,15.53,15.53,-0.13,-0.8371,0.7024,1685700,26042363.0,3695871394.6,3695871394.6
2020-09-14,'002380,科远智慧,15.53,15.71,15.31,15.44,15.34,0.19,1.2386,0.8474,2033604,31564048.76,3727070308.97,3727070308.97
2020-09-11,'002380,科远智慧,15.34,15.45,15.11,15.23,15.25,0.09,0.5902,0.7208,1729827,26470458.86,3681471895.66,3681471895.66
2020-09-10,'002380,科远智慧,15.25,16.11,15.2,15.95,15.86,-0.61,-3.8462,1.6051,3852204,60021021.24,3659872647.25,3659872647.25
2020-09-09,'002380,科远智慧,15.86,16.24,15.76,16.01,16.22,-0.36,-2.2195,1.306,3134245,50062544.05,3806267553.14,3806267553.14
2020-09-08,'002380,科远智慧,16.22,16.38,15.96,16.24,16.2,0.02,0.1235,1.4403,3456632,55854679.76,3892664546.78,3892664546.78
2020-09-07,'002380,科远智慧,16.2,16.92,16.2,16.48,16.48,-0.28,-1.699,1.5879,3810900,62763720.0,3887864713.8,3887864713.8
2020-09-04,'002380,科远智慧,16.48,16.58,16.2,16.42,16.67,-0.19,-1.1398,1.5358,3685800,60494367.0,3955062375.52,3955062375.52
2020-09-03,'002380,科远智慧,16.67,17.2,16.67,17.2,17.28,-0.61,-3.5301,1.3445,3226631,54447387.61,4000660788.83,4000660788.83
2020-09-02,'002380,科远智慧,17.28,17.28,16.7,17.12,17.14,0.14,0.8168,1.7094,4102397,69815916.91,4147055694.72,4147055694.72
2020-09-01,'002380,科远智慧,17.14,17.39,16.96,17.19,17.2,-0.06,-0.3488,1.3396,3215018,55165965.8,4113456863.86,4113456863.86
2020-08-31,'002380,科远智慧,17.2,17.85,17.2,17.55,17.47,-0.27,-1.5455,1.7623,4229402,74048064.79,4127856362.8,4127856362.8
2020-08-28,'002380,科远智慧,17.47,17.71,17.18,17.6,17.61,-0.14,-0.795,1.6596,3982800,69252065.44,4192654108.03,4192654108.03
2020-08-27,'002380,科远智慧,17.61,17.79,16.81,17.1,17.08,0.53,3.103,1.963,4710930,81413914.71,4226252938.89,4226252938.89
2020-08-26,'002380,科远智慧,17.08,17.8,17.07,17.36,17.35,-0.27,-1.5562,2.2404,5376796,93489620.04,4099057364.92,4099057364.92
2020-08-25,'002380,科远智慧,17.35,17.57,17.1,17.31,17.3,0.05,0.289,1.2191,2925723,50624809.33,4163855110.15,4163855110.15
2020-08-24,'002380,科远智慧,17.3,17.4,16.82,17.33,17.08,0.22,1.2881,1.6676,4002040,68604441.44,4151855527.7,4151855527.7
2020-08-21,'002380,科远智慧,17.08,18.08,16.56,16.56,16.55,0.53,3.2024,2.7929,6702798,116331105.24,4099057364.92,4099057364.92
2020-08-20,'002380,科远智慧,16.55,16.93,16.54,16.71,16.93,-0.38,-2.2445,1.149,2757545,46111755.1,3971861790.95,3971861790.95
2020-08-19,'002380,科远智慧,16.93,17.44,16.89,17.44,17.43,-0.5,-2.8686,1.9625,4709949,80302160.43,4063058617.57,4063058617.57
2020-08-18,'002380,科远智慧,17.43,17.56,17.24,17.53,17.51,-0.08,-0.4569,1.7059,4094073,71126326.45,4183054442.07,4183054442.07
2020-08-17,'002380,科远智慧,17.51,17.58,16.82,17.0,16.99,0.52,3.0606,2.2206,5329369,91859814.95,4202253773.99,4202253773.99
2020-08-14,'002380,科远智慧,16.99,17.08,16.53,16.97,16.97,0.02,0.1179,1.6303,3912624,65560929.6,4077458116.51,4077458116.51
2020-08-13,'002380,科远智慧,16.97,17.48,16.84,16.85,16.84,0.13,0.772,2.1826,5238069,89881802.8,4072658283.53,4072658283.53
2020-08-12,'002380,科远智慧,16.84,17.0,16.36,16.6,16.69,0.15,0.8987,2.2925,5501910,91783059.52,4041459369.16,4041459369.16
2020-08-11,'002380,科远智慧,16.69,17.7,16.51,17.41,17.4,-0.71,-4.0805,3.444,8265248,141024638.68,4005460621.81,4005460621.81
2020-08-10,'002380,科远智慧,17.4,18.08,17.27,17.27,17.36,0.04,0.2304,3.4681,8323258,146657299.7,4175854692.6,4175854692.6
2020-08-07,'002380,科远智慧,17.36,18.0,17.24,17.54,17.5,-0.14,-0.8,4.6581,11179112,196452284.4,4166255026.64,4166255026.64
2020-08-06,'002380,科远智慧,17.5,17.96,16.37,16.37,16.42,1.08,6.5773,5.265,12635471,218089138.28,4199853857.5,4199853857.5
2020-08-05,'002380,科远智慧,16.42,16.98,16.36,16.4,16.6,-0.18,-1.0843,3.778,9066775,151074422.82,3940662876.58,3940662876.58
2020-08-04,'002380,科远智慧,16.6,16.6,16.14,16.53,16.39,0.21,1.2813,2.3128,5550630,90844072.29,3983861373.4,3983861373.4
2020-08-03,'002380,科远智慧,16.39,16.43,15.8,15.8,15.72,0.67,4.2621,2.3931,5743355,93026597.92,3933463127.11,3933463127.11
2020-07-31,'002380,科远智慧,15.72,15.75,15.33,15.5,15.55,0.17,1.0932,1.3105,3145009,49032737.86,3772668722.28,3772668722.28
2020-07-30,'002380,科远智慧,15.55,15.83,15.22,15.34,15.32,0.23,1.5013,1.5853,3804652,59013742.62,3731870141.95,3731870141.95
2020-07-29,'002380,科远智慧,15.32,15.41,14.65,14.74,14.85,0.47,3.165,1.4472,3473244,52292858.7,3676672062.68,3676672062.68
2020-07-28,'002380,科远智慧,14.85,15.08,14.7,14.78,14.77,0.08,0.5416,0.9134,2192114,32580030.66,3563875987.65,3563875987.65
2020-07-27,'002380,科远智慧,14.77,14.89,14.56,14.75,14.71,0.06,0.4079,0.9876,2370243,34916531.91,3544676655.73,3544676655.73
2020-07-24,'002380,科远智慧,14.71,15.54,14.69,15.18,15.24,-0.53,-3.4777,1.8127,4350417,65818847.22,3530277156.79,3530277156.79
2020-07-23,'002380,科远智慧,15.24,15.33,14.82,15.33,15.39,-0.15,-0.9747,1.4676,3522008,53209929.74,3657472730.76,3657472730.76
2020-07-22,'002380,科远智慧,15.39,15.64,15.33,15.39,15.44,-0.05,-0.3238,1.3451,3228118,49943478.04,3693471478.11,3693471478.11
2020-07-21,'002380,科远智慧,15.44,15.59,15.1,15.44,15.33,0.11,0.7175,1.2869,3088439,47519594.49,3705471060.56,3705471060.56
2020-07-20,'002380,科远智慧,15.33,15.33,14.79,14.81,14.83,0.5,3.3715,1.3499,3239660,49056036.54,3679071979.17,3679071979.17
2020-07-17,'002380,科远智慧,14.83,14.86,14.37,14.75,14.65,0.18,1.2287,1.2273,2945394,43117722.62,3559076154.67,3559076154.67
2020-07-16,'002380,科远智慧,14.65,15.6,14.63,15.3,15.36,-0.71,-4.6224,1.7663,4239081,64126292.15,3515877657.85,3515877657.85
2020-07-15,'002380,科远智慧,15.36,16.1,15.33,15.9,16.05,-0.69,-4.2991,2.0715,4971416,77659534.57,3686271728.64,3686271728.64
2020-07-14,'002380,科远智慧,16.05,16.37,15.7,15.84,15.83,0.22,1.3898,2.2056,5293209,84699174.59,3851865966.45,3851865966.45
2020-07-13,'002380,科远智慧,15.83,15.89,15.18,15.25,15.26,0.57,3.7353,1.8858,4525791,71008053.1,3799067803.67,3799067803.67
2020-07-10,'002380,科远智慧,15.26,15.58,15.1,15.3,15.32,-0.06,-0.3916,2.0221,4852863,74400701.46,3662272563.74,3662272563.74
2020-07-09,'002380,科远智慧,15.32,15.5,14.99,15.06,15.0,0.32,2.1333,2.3097,5543080,84457386.06,3676672062.68,3676672062.68
2020-07-08,'002380,科远智慧,15.0,15.04,14.78,14.9,14.89,0.11,0.7388,1.7405,4176958,62428228.05,3599874735.0,3599874735.0
2020-07-07,'002380,科远智慧,14.89,15.19,14.89,15.1,14.99,-0.1,-0.6671,2.4906,5977115,89586345.23,3573475653.61,3573475653.61
2020-07-06,'002380,科远智慧,14.99,15.06,14.65,14.65,14.56,0.43,2.9533,2.4419,5860370,87185863.81,3597474818.51,3597474818.51
2020-07-03,'002380,科远智慧,14.56,14.72,14.18,14.26,14.22,0.34,2.391,1.7522,4205243,60740412.67,3494278409.44,3494278409.44
2020-07-02,'002380,科远智慧,14.22,14.27,13.9,14.0,14.0,0.22,1.5714,1.7442,4185978,59291168.56,3412681248.78,3412681248.78
2020-07-01,'002380,科远智慧,14.0,14.14,13.81,14.0,14.0,0.0,0.0,1.3507,3241600,45317868.11,3359883086.0,3359883086.0
2020-06-30,'002380,科远智慧,14.0,14.09,13.92,13.92,13.91,0.09,0.647,1.2454,2988800,41894804.38,3359883086.0,3359883086.0
2020-06-29,'002380,科远智慧,13.91,13.97,13.65,13.7,13.87,0.04,0.2884,0.6242,1498044,20754278.39,3338283837.59,3338283837.59
2020-06-24,'002380,科远智慧,13.87,13.98,13.8,13.9,13.85,0.02,0.1444,0.6151,1476109,20502650.22,3328684171.63,3328684171.63
2020-06-23,'002380,科远智慧,13.85,13.98,13.68,13.78,13.8,0.05,0.3623,0.9828,2358548,32651626.7,3323884338.65,3323884338.65
2020-06-22,'002380,科远智慧,13.8,13.86,13.68,13.69,13.68,0.12,0.8772,0.7669,1840545,25359840.75,3311884756.2,3311884756.2
2020-06-19,'002380,科远智慧,13.68,13.84,13.68,13.76,13.76,-0.08,-0.5814,0.6456,1549450,21322273.9,3283085758.32,3283085758.32
2020-06-18,'002380,科远智慧,13.76,13.81,13.61,13.81,13.75,0.01,0.0727,0.5752,1380482,18958344.2,3302285090.24,3302285090.24
2020-06-17,'002380,科远智慧,13.75,13.79,13.63,13.7,13.67,0.08,0.5852,0.7486,1796500,24642543.0,3299885173.75,3299885173.75
2020-06-16,'002380,科远智慧,13.87,13.93,13.53,13.53,13.49,0.38,2.8169,1.1401,2736105,37723468.71,3328684171.63,3328684171.63
2020-06-15,'002380,科远智慧,13.49,13.72,13.37,13.42,13.45,0.04,0.2974,0.5565,1335478,18091091.2,3237487345.01,3237487345.01
2020-06-12,'002380,科远智慧,13.45,13.5,13.11,13.3,13.5,-0.05,-0.3704,0.4977,1194500,15953760.08,3227887679.05,3227887679.05
2020-06-11,'002380,科远智慧,13.5,13.82,13.49,13.74,13.75,-0.25,-1.8182,0.7701,1848292,25241894.16,3239887261.5,3239887261.5
2020-06-10,'002380,科远智慧,13.75,13.78,13.6,13.69,13.69,0.06,0.4383,0.5114,1227300,16829148.0,3299885173.75,3299885173.75
2020-06-09,'002380,科远智慧,13.69,13.75,13.54,13.54,13.54,0.15,1.1078,0.5321,1276886,17461940.57,3285485674.81,3285485674.81
2020-06-08,'002380,科远智慧,13.54,13.68,13.51,13.63,13.57,-0.03,-0.2211,0.6136,1472500,20015996.41,3249486927.46,3249486927.46
2020-06-05,'002380,科远智慧,13.57,13.76,13.5,13.66,13.66,-0.09,-0.6589,0.6142,1474000,20049942.0,3256686676.93,3256686676.93
2020-06-04,'002380,科远智慧,13.66,13.84,13.62,13.68,13.68,-0.02,-0.1462,0.625,1500000,20557438.0,3278285925.34,3278285925.34
2020-06-03,'002380,科远智慧,13.68,13.95,13.66,13.7,13.75,-0.07,-0.5091,0.6049,1451712,19973701.76,3283085758.32,3283085758.32
2020-06-02,'002380,科远智慧,13.75,13.85,13.6,13.63,13.62,0.13,0.9545,0.6554,1572900,21632039.0,3299885173.75,3299885173.75
2020-06-01,'002380,科远智慧,13.62,13.66,13.24,13.28,13.24,0.38,2.8701,0.7105,1705243,23082108.62,3268686259.38,3268686259.38
2020-05-29,'002380,科远智慧,13.24,13.35,13.18,13.24,13.24,0.0,0.0,0.3893,934359,12385075.64,3177489432.76,3177489432.76
2020-05-28,'002380,科远智慧,13.24,13.39,13.04,13.31,13.3,-0.06,-0.4511,0.4779,1147000,15144794.0,3177489432.76,3177489432.76
2020-05-27,'002380,科远智慧,13.3,13.62,13.22,13.62,13.53,-0.23,-1.6999,0.4889,1173282,15682588.54,3191888931.7,3191888931.7
2020-05-26,'002380,科远智慧,13.53,13.56,13.37,13.43,13.37,0.16,1.1967,0.3867,928000,12530599.0,3247087010.97,3247087010.97
2020-05-25,'002380,科远智慧,13.37,13.43,13.15,13.15,13.33,0.04,0.3001,0.2758,662000,8813075.0,3208688347.13,3208688347.13
2020-05-22,'002380,科远智慧,13.33,13.6,13.25,13.57,13.57,-0.24,-1.7686,0.5599,1343682,18005362.08,3199088681.17,3199088681.17
2020-05-21,'002380,科远智慧,13.57,13.7,13.53,13.63,13.62,-0.05,-0.3671,0.497,1192792,16240648.34,3256686676.93,3256686676.93
2020-05-20,'002380,科远智慧,13.62,13.84,13.57,13.76,13.77,-0.15,-1.0893,0.5426,1302082,17762221.59,3268686259.38,3268686259.38
2020-05-19,'002380,科远智慧,13.77,13.86,13.66,13.78,13.67,0.1,0.7315,0.5859,1406200,19324010.0,3304685006.73,3304685006.73
2020-05-18,'002380,科远智慧,13.67,14.0,13.65,13.96,13.97,-0.3,-2.1475,0.8443,2026200,27905592.0,3280685841.83,3280685841.83
2020-05-15,'002380,科远智慧,13.97,14.25,13.86,14.08,14.12,-0.15,-1.0623,0.9343,2242200,31417907.0,3352683336.53,3352683336.53
2020-05-14,'002380,科远智慧,14.12,14.51,14.06,14.23,13.88,0.24,1.7291,1.9802,4752334,67956583.34,3388682083.88,3388682083.88
2020-05-13,'002380,科远智慧,13.88,13.92,13.75,13.75,13.85,0.03,0.2166,0.5809,1394200,19304586.0,3331084088.12,3331084088.12
2020-05-12,'002380,科远智慧,13.85,13.97,13.64,13.91,13.9,-0.05,-0.3597,0.6618,1588344,21896813.2,3323884338.65,3323884338.65
2020-05-11,'002380,科远智慧,13.9,14.11,13.79,14.04,13.96,-0.06,-0.4298,0.771,1850402,25835391.76,3335883921.1,3335883921.1
2020-05-08,'002380,科远智慧,13.96,14.17,13.87,13.9,13.84,0.12,0.8671,0.9169,2200400,30894133.0,3350283420.04,3350283420.04
2020-05-07,'002380,科远智慧,13.84,14.02,13.81,13.91,13.91,-0.07,-0.5032,0.6375,1530010,21274028.6,3321484422.16,3321484422.16
2020-05-06,'002380,科远智慧,13.91,13.94,13.51,13.61,13.7,0.21,1.5328,0.9706,2329278,32073383.94,3338283837.59,3338283837.59
2020-04-30,'002380,科远智慧,13.7,13.71,13.35,13.35,13.35,0.35,2.6217,1.0489,2517320,34229397.88,3287885591.3,3287885591.3
2020-04-29,'002380,科远智慧,13.35,13.42,12.94,13.12,13.11,0.24,1.8307,0.7509,1802200,23996859.56,3203888514.15,3203888514.15
2020-04-28,'002380,科远智慧,13.11,13.5,12.6,13.5,13.43,-0.32,-2.3827,1.0838,2600912,33954929.65,3146290518.39,3146290518.39
2020-04-27,'002380,科远智慧,13.43,13.75,13.37,13.75,13.6,-0.17,-1.25,0.6511,1562525,21160303.75,3223087846.07,3223087846.07
2020-04-24,'002380,科远智慧,13.6,14.09,13.46,14.07,13.99,-0.39,-2.7877,1.1336,2720436,37291566.44,3263886426.4,3263886426.4
2020-04-23,'002380,科远智慧,13.99,14.35,13.95,14.28,14.27,-0.28,-1.9622,1.1086,2660495,37422005.64,3357483169.51,3357483169.51
2020-04-22,'002380,科远智慧,14.27,14.32,14.04,14.08,14.19,0.08,0.5638,0.8504,2040813,28997247.18,3424680831.23,3424680831.23
2020-04-21,'002380,科远智慧,14.19,14.28,13.93,14.12,14.28,-0.09,-0.6303,1.1552,2772400,39145595.08,3405481499.31,3405481499.31
2020-04-20,'002380,科远智慧,14.28,14.28,13.87,13.87,13.86,0.42,3.0303,1.1899,2855679,40325813.16,3427080747.72,3427080747.72
2020-04-17,'002380,科远智慧,13.86,14.23,13.86,14.01,13.95,-0.09,-0.6452,1.1387,2732902,38447772.06,3326284255.14,3326284255.14
2020-04-16,'002380,科远智慧,13.95,13.99,13.71,13.83,13.88,0.07,0.5043,0.8864,2127301,29493646.87,3347883503.55,3347883503.55
2020-04-15,'002380,科远智慧,13.88,14.2,13.81,14.1,14.13,-0.25,-1.7693,1.1039,2649200,37132836.0,3331084088.12,3331084088.12
2020-04-14,'002380,科远智慧,14.13,14.15,13.93,13.93,13.93,0.2,1.4358,1.0406,2497398,35132573.21,3391082000.37,3391082000.37
2020-04-13,'002380,科远智慧,13.93,14.58,13.85,14.44,14.61,-0.68,-4.6543,1.9494,4678302,65571019.9,3343083670.57,3343083670.57
2020-04-10,'002380,科远智慧,14.61,15.42,14.41,15.4,15.45,-0.84,-5.4369,2.9826,7158002,106287524.66,3506277991.89,3506277991.89
2020-04-09,'002380,科远智慧,15.45,15.69,15.05,15.63,15.64,-0.19,-1.2148,3.1059,7453848,114492677.47,3707870977.05,3707870977.05
2020-04-08,'002380,科远智慧,15.64,15.89,15.45,15.8,16.0,-0.36,-2.25,3.1924,7661399,120081961.17,3753469390.36,3753469390.36
2020-04-07,'002380,科远智慧,16.0,16.15,15.6,15.92,15.68,0.32,2.0408,3.9235,9416144,149555773.54,3839866384.0,3839866384.0
2020-04-03,'002380,科远智慧,15.68,15.96,15.43,15.67,15.8,-0.12,-0.7595,3.285,7883626,123897179.28,3763069056.32,3763069056.32
2020-04-02,'002380,科远智慧,15.8,15.85,14.61,14.87,15.0,0.8,5.3333,4.416,10598144,163050454.58,3791868054.2,3791868054.2
2020-04-01,'002380,科远智慧,15.0,15.47,14.2,14.72,15.0,0.0,0.0,3.1037,7448664,111207257.48,3599874735.0,3599874735.0
2020-03-31,'002380,科远智慧,15.0,15.57,14.83,14.83,14.75,0.25,1.6949,2.5413,6098924,92513845.84,3599874735.0,3599874735.0
2020-03-30,'002380,科远智慧,14.75,15.13,14.46,14.96,15.29,-0.54,-3.5317,2.8405,6817058,100924253.42,3539876822.75,3539876822.75
2020-03-27,'002380,科远智慧,15.29,15.98,14.91,15.08,14.66,0.63,4.2974,4.4493,10678001,164432706.65,3669472313.21,3669472313.21
2020-03-26,'002380,科远智慧,14.66,15.5,14.58,14.88,15.03,-0.37,-2.4617,2.4229,5814711,86997113.04,3518277574.34,3518277574.34
2020-03-25,'002380,科远智慧,15.03,15.09,14.3,14.5,14.18,0.85,5.9944,2.3603,5664472,83445637.48,3607074484.47,3607074484.47
2020-03-24,'002380,科远智慧,14.18,14.42,13.6,14.18,13.94,0.24,1.7217,1.5225,3653970,51407042.6,3403081582.82,3403081582.82
2020-03-23,'002380,科远智慧,13.94,14.37,13.79,13.81,14.42,-0.48,-3.3287,1.0727,2574300,36192576.0,3345483587.06,3345483587.06
2020-03-20,'002380,科远智慧,14.42,14.58,14.2,14.38,14.2,0.22,1.5493,1.3781,3307395,47524104.35,3460679578.58,3460679578.58
2020-03-19,'002380,科远智慧,14.2,14.26,13.81,13.9,13.82,0.38,2.7496,1.2675,3041907,42780462.35,3407881415.8,3407881415.8
2020-03-18,'002380,科远智慧,13.82,14.59,13.81,14.31,14.24,-0.42,-2.9494,1.4941,3585753,51345083.14,3316684589.18,3316684589.18
2020-03-17,'002380,科远智慧,14.24,14.47,13.71,14.15,14.04,0.2,1.4245,1.6914,4059153,57312435.28,3417481081.76,3417481081.76
2020-03-16,'002380,科远智慧,14.04,15.27,13.83,15.26,15.08,-1.04,-6.8966,2.4831,5959190,87328696.48,3369482751.96,3369482751.96
2020-03-13,'002380,科远智慧,15.08,15.3,14.25,14.4,15.11,-0.03,-0.1985,1.978,4747102,70425470.33,3619074066.92,3619074066.92
2020-03-12,'002380,科远智慧,15.11,15.34,14.79,15.2,15.67,-0.56,-3.5737,2.2479,5394837,81259961.59,3626273816.39,3626273816.39
2020-03-11,'002380,科远智慧,15.67,16.3,15.55,16.1,15.95,-0.28,-1.7555,3.342,8020424,127428613.36,3760669139.83,3760669139.83
2020-03-10,'002380,科远智慧,15.95,15.95,14.65,15.12,15.2,0.75,4.9342,3.3342,8001792,122330070.63,3827866801.55,3827866801.55
2020-03-09,'002380,科远智慧,15.2,16.1,15.13,15.4,15.7,-0.5,-3.1847,3.3006,7921231,123901354.46,3647873064.8,3647873064.8
2020-03-06,'002380,科远智慧,15.7,16.07,14.95,14.98,15.35,0.35,2.2801,3.4432,8263414,128179992.41,3767868889.3,3767868889.3
2020-03-05,'002380,科远智慧,15.35,15.81,15.28,15.7,15.35,0.0,0.0,2.6248,6299357,97435943.28,3683871812.15,3683871812.15
2020-03-04,'002380,科远智慧,15.35,15.49,14.88,15.06,15.13,0.22,1.4541,2.6959,6469995,98025092.46,3683871812.15,3683871812.15
2020-03-03,'002380,科远智慧,15.13,15.74,14.95,15.35,14.95,0.18,1.204,3.5706,8569148,130831858.24,3631073649.37,3631073649.37
2020-03-02,'002380,科远智慧,14.95,14.95,14.14,14.14,13.98,0.97,6.9385,2.2802,5472403,80410243.63,3587875152.55,3587875152.55
2020-02-28,'002380,科远智慧,13.98,14.67,13.95,14.0,14.7,-0.72,-4.898,2.2823,5477255,78370342.33,3355083253.02,3355083253.02
2020-02-27,'002380,科远智慧,14.7,14.91,14.33,14.47,14.41,0.29,2.0125,2.0425,4901940,72005969.62,3527877240.3,3527877240.3
2020-02-26,'002380,科远智慧,14.41,14.74,14.28,14.51,14.85,-0.44,-2.963,1.9979,4794727,69626308.14,3458279662.09,3458279662.09
2020-02-25,'002380,科远智慧,14.85,14.96,14.17,14.33,14.83,0.02,0.1349,2.7632,6631467,96794982.85,3563875987.65,3563875987.65
2020-02-24,'002380,科远智慧,14.83,14.96,14.41,14.55,14.21,0.62,4.3631,2.6289,6309130,92925881.98,3559076154.67,3559076154.67
2020-02-21,'002380,科远智慧,14.21,14.32,13.94,13.97,13.97,0.24,1.718,1.9665,4719357,66898316.57,3410281332.29,3410281332.29
2020-02-20,'002380,科远智慧,13.97,14.14,13.49,13.52,13.51,0.46,3.4049,1.7777,4266449,58983417.2,3352683336.53,3352683336.53
2020-02-19,'002380,科远智慧,13.51,13.74,13.47,13.68,13.71,-0.2,-1.4588,1.0644,2554540,34669614.71,3242287177.99,3242287177.99
2020-02-18,'002380,科远智慧,13.71,13.74,13.44,13.51,13.5,0.21,1.5556,1.0174,2441718,33229171.14,3290285507.79,3290285507.79
2020-02-17,'002380,科远智慧,13.5,13.51,13.1,13.22,13.13,0.37,2.818,1.1095,2662739,35638943.79,3239887261.5,3239887261.5
2020-02-14,'002380,科远智慧,13.13,13.36,13.0,13.17,13.22,-0.09,-0.6808,1.197,2872741,37894710.83,3151090351.37,3151090351.37
2020-02-13,'002380,科远智慧,13.22,13.47,13.08,13.3,13.3,-0.08,-0.6015,1.2404,2976863,39578225.45,3172689599.78,3172689599.78
2020-02-12,'002380,科远智慧,13.3,13.37,12.73,12.73,12.78,0.52,4.0689,1.2337,2960867,38921498.41,3191888931.7,3191888931.7
2020-02-11,'002380,科远智慧,12.78,12.99,12.71,12.94,12.94,-0.16,-1.2365,0.863,2071116,26589813.75,3067093274.22,3067093274.22
2020-02-10,'002380,科远智慧,12.94,12.98,12.8,12.8,12.94,0.0,0.0,0.9223,2213416,28554100.57,3105491938.06,3105491938.06
2020-02-07,'002380,科远智慧,12.94,12.94,12.37,12.5,12.53,0.41,3.2721,1.3739,3297213,41661907.55,3105491938.06,3105491938.06
2020-02-06,'002380,科远智慧,12.53,12.55,11.87,12.12,11.96,0.57,4.7659,1.5548,3731296,45733244.37,3007095361.97,3007095361.97
2020-02-05,'002380,科远智慧,11.96,12.26,11.87,11.95,11.87,0.09,0.7582,1.3208,3169749,38205039.76,2870300122.04,2870300122.04
2020-02-04,'002380,科远智慧,11.87,12.13,11.06,11.06,12.29,-0.42,-3.4174,1.817,4360547,51308961.96,2848700873.63,2848700873.63
2020-02-03,'002380,科远智慧,12.29,12.29,12.29,12.29,13.65,-1.36,-9.9634,0.3796,911000,11196190.0,2949497366.21,2949497366.21
2020-01-23,'002380,科远智慧,13.65,14.37,13.36,14.37,14.4,-0.75,-5.2083,1.3593,3262210,45254902.56,3275886008.85,3275886008.85
2020-01-22,'002380,科远智慧,14.4,14.47,13.85,14.35,14.43,-0.03,-0.2079,1.0954,2628832,37291708.5,3455879745.6,3455879745.6
2020-01-21,'002380,科远智慧,14.43,14.65,14.32,14.61,14.61,-0.18,-1.232,0.7177,1722513,24914223.54,3463079495.07,3463079495.07
2020-01-20,'002380,科远智慧,14.61,14.65,14.3,14.55,14.59,0.02,0.1371,0.7927,1902435,27581556.0,3506277991.89,3506277991.89
2020-01-17,'002380,科远智慧,14.59,14.69,14.41,14.6,14.65,-0.06,-0.4096,0.7115,1707553,24864810.06,3501478158.91,3501478158.91
2020-01-16,'002380,科远智慧,14.65,14.72,14.52,14.6,14.63,0.02,0.1367,0.7516,1803773,26370185.62,3515877657.85,3515877657.85
2020-01-15,'002380,科远智慧,14.63,14.72,14.45,14.46,14.56,0.07,0.4808,0.8789,2109362,30843117.2,3511077824.87,3511077824.87
2020-01-14,'002380,科远智慧,14.56,14.77,14.5,14.69,14.66,-0.1,-0.6821,0.952,2284684,33342742.28,3494278409.44,3494278409.44
2020-01-13,'002380,科远智慧,14.66,14.66,14.35,14.55,14.6,0.06,0.411,0.9971,2392917,34783200.5,3518277574.34,3518277574.34
2020-01-10,'002380,科远智慧,14.6,14.74,14.42,14.58,14.54,0.06,0.4127,1.2695,3046678,44432692.52,3503878075.4,3503878075.4
2020-01-09,'002380,科远智慧,14.54,14.58,14.21,14.21,14.11,0.43,3.0475,1.2569,3016416,43558715.96,3489478576.46,3489478576.46
2020-01-08,'002380,科远智慧,14.11,14.45,14.05,14.41,14.41,-0.3,-2.0819,0.7644,1834567,26101773.76,3386282167.39,3386282167.39
2020-01-07,'002380,科远智慧,14.41,14.46,14.23,14.27,14.29,0.12,0.8397,0.8313,1995163,28686315.96,3458279662.09,3458279662.09
2020-01-06,'002380,科远智慧,14.29,14.54,14.08,14.2,14.24,0.05,0.3511,0.9646,2314959,33151666.92,3429480664.21,3429480664.21
2020-01-03,'002380,科远智慧,14.24,14.24,14.03,14.19,14.19,0.05,0.3524,0.6281,1507341,21377116.3,3417481081.76,3417481081.76
2020-01-02,'002380,科远智慧,14.19,14.25,14.03,14.13,13.98,0.21,1.5021,0.7415,1779587,25220448.4,3405481499.31,3405481499.31
2019-12-31,'002380,科远智慧,13.98,14.06,13.87,13.93,14.08,-0.1,-0.7102,0.5467,1311915,18312334.36,3355083253.02,3355083253.02
2019-12-30,'002380,科远智慧,14.08,14.16,13.61,13.7,13.83,0.25,1.8077,0.8656,2077331,28934019.04,3379082417.92,3379082417.92
2019-12-27,'002380,科远智慧,13.83,14.19,13.8,14.07,14.05,-0.22,-1.5658,0.5345,1282801,17965298.33,3319084505.67,3319084505.67
2019-12-26,'002380,科远智慧,14.05,14.05,13.88,13.88,13.91,0.14,1.0065,0.4959,1190133,16619985.1,3371882668.45,3371882668.45
2019-12-25,'002380,科远智慧,13.91,13.94,13.75,13.75,13.79,0.12,0.8702,0.59,1415842,19622557.21,3338283837.59,3338283837.59
2019-12-24,'002380,科远智慧,13.79,13.82,13.58,13.63,13.63,0.16,1.1739,0.5322,1277277,17482997.38,3309484839.71,3309484839.71
2019-12-23,'002380,科远智慧,13.63,13.93,13.61,13.9,13.96,-0.33,-2.3639,0.6642,1593961,21896082.48,3271086175.87,3271086175.87
2019-12-20,'002380,科远智慧,13.96,14.27,13.91,14.14,14.15,-0.19,-1.3428,0.5484,1316232,18532307.34,3350283420.04,3350283420.04
2019-12-19,'002380,科远智慧,14.15,14.25,14.05,14.19,14.17,-0.02,-0.1411,0.4754,1140845,16113774.05,3395881833.35,3395881833.35
2019-12-18,'002380,科远智慧,14.17,14.44,14.12,14.28,14.13,0.04,0.2831,0.81,1944042,27707405.17,3400681666.33,3400681666.33
2019-12-17,'002380,科远智慧,14.13,14.21,13.95,14.07,14.06,0.07,0.4979,0.6204,1488954,21016670.24,3391082000.37,3391082000.37
2019-12-16,'002380,科远智慧,14.06,14.07,13.8,13.91,13.83,0.23,1.6631,0.5964,1431354,19961782.45,3374282584.94,3374282584.94
2019-12-13,'002380,科远智慧,13.83,13.88,13.65,13.7,13.59,0.24,1.766,0.5284,1268172,17458831.87,3319084505.67,3319084505.67
2019-12-12,'002380,科远智慧,13.59,13.71,13.58,13.71,13.65,-0.06,-0.4396,0.3212,770804,10526492.22,3261486509.91,3261486509.91
2019-12-11,'002380,科远智慧,13.65,13.77,13.51,13.66,13.66,-0.01,-0.0732,0.4273,1025600,14000173.0,3275886008.85,3275886008.85
2019-12-10,'002380,科远智慧,13.66,13.71,13.52,13.66,13.6,0.06,0.4412,0.4591,1101819,15029729.97,3278285925.34,3278285925.34
2019-12-09,'002380,科远智慧,13.6,13.72,13.45,13.47,13.47,0.13,0.9651,0.5702,1368533,18605258.5,3263886426.4,3263886426.4
2019-12-06,'002380,科远智慧,13.47,13.5,13.32,13.32,13.31,0.16,1.2021,0.4197,1007323,13532138.5,3232687512.03,3232687512.03
2019-12-05,'002380,科远智慧,13.31,13.38,13.19,13.19,13.17,0.14,1.063,0.53,1271920,16925402.6,3194288848.19,3194288848.19
2019-12-04,'002380,科远智慧,13.17,13.27,13.06,13.07,13.2,-0.03,-0.2273,0.3041,729800,9610812.0,3160690017.33,3160690017.33
2019-12-03,'002380,科远智慧,13.2,13.24,12.96,13.11,13.17,0.03,0.2278,0.3786,908600,11883708.26,3167889766.8,3167889766.8
2019-12-02,'002380,科远智慧,13.17,13.17,12.9,13.04,13.08,0.09,0.6881,0.4445,1066874,13938182.3,3160690017.33,3160690017.33
2019-11-29,'002380,科远智慧,13.08,13.14,12.95,13.05,13.07,0.01,0.0765,0.335,803954,10475214.16,3139090768.92,3139090768.92
2019-11-28,'002380,科远智慧,13.07,13.17,13.03,13.11,13.03,0.04,0.307,0.2622,629227,8237440.38,3136690852.43,3136690852.43
2019-11-27,'002380,科远智慧,13.03,13.19,12.9,13.11,13.15,-0.12,-0.9125,0.4508,1081798,14094089.37,3127091186.47,3127091186.47
2019-11-26,'002380,科远智慧,13.15,13.33,13.12,13.24,13.24,-0.09,-0.6798,0.3635,872354,11495685.63,3155890184.35,3155890184.35
2019-11-25,'002380,科远智慧,13.24,13.4,13.13,13.4,13.39,-0.15,-1.1202,0.5328,1278632,16912450.69,3177489432.76,3177489432.76
2019-11-22,'002380,科远智慧,13.39,13.77,13.32,13.53,13.53,-0.14,-1.0347,0.5901,1416190,19143576.2,3213488180.11,3213488180.11
2019-11-21,'002380,科远智慧,13.53,13.68,13.42,13.65,13.74,-0.21,-1.5284,0.439,1053653,14268779.56,3247087010.97,3247087010.97
2019-11-20,'002380,科远智慧,13.74,13.89,13.59,13.79,13.81,-0.07,-0.5069,0.5196,1246949,17149584.36,3297485257.26,3297485257.26
2019-11-19,'002380,科远智慧,13.81,13.87,13.61,13.63,13.68,0.13,0.9503,0.5697,1367315,18841688.6,3314284672.69,3314284672.69
2019-11-18,'002380,科远智慧,13.68,13.76,13.31,13.5,13.49,0.19,1.4085,0.4267,1024115,13934989.1,3283085758.32,3283085758.32
2019-11-15,'002380,科远智慧,13.49,13.86,13.47,13.84,13.83,-0.34,-2.4584,0.5827,1398326,19009618.41,3237487345.01,3237487345.01
2019-11-14,'002380,科远智慧,13.83,13.86,13.58,13.62,13.62,0.21,1.5419,0.5396,1294935,17856916.85,3319084505.67,3319084505.67
2019-11-13,'002380,科远智慧,13.62,13.78,13.51,13.75,13.79,-0.17,-1.2328,0.4091,981923,13385750.92,3268686259.38,3268686259.38
2019-11-12,'002380,科远智慧,13.79,13.82,13.6,13.67,13.77,0.02,0.1452,0.5872,1409151,19318528.15,3309484839.71,3309484839.71
2019-11-11,'002380,科远智慧,13.77,14.17,13.7,14.17,14.2,-0.43,-3.0282,0.7933,1903800,26334724.0,3304685006.73,3304685006.73
2019-11-08,'002380,科远智慧,14.2,14.34,14.12,14.13,14.13,0.07,0.4954,0.5517,1324102,18854292.42,3407881415.8,3407881415.8
2019-11-07,'002380,科远智慧,14.13,14.15,13.93,13.93,13.99,0.14,1.0007,0.4919,1180591,16603565.27,3391082000.37,3391082000.37
2019-11-06,'002380,科远智慧,13.99,14.29,13.95,14.17,14.12,-0.13,-0.9207,0.7314,1755354,24730390.28,3357483169.51,3357483169.51
2019-11-05,'002380,科远智慧,14.12,14.29,13.95,14.17,14.17,-0.05,-0.3529,0.5789,1389193,19638557.68,3388682083.88,3388682083.88
2019-11-04,'002380,科远智慧,14.17,14.31,14.0,14.07,14.05,0.12,0.8541,0.7359,1766022,25030691.68,3400681666.33,3400681666.33
2019-11-01,'002380,科远智慧,14.05,14.18,13.9,14.0,14.01,0.04,0.2855,0.6913,1659000,23329318.0,3371882668.45,3371882668.45
2019-10-31,'002380,科远智慧,14.01,14.25,13.91,14.25,14.18,-0.17,-1.1989,0.7667,1840025,25840618.22,3362283002.49,3362283002.49
2019-10-30,'002380,科远智慧,14.18,14.41,14.07,14.08,14.25,-0.07,-0.4912,0.8247,1979144,28158961.35,3403081582.82,3403081582.82
2019-10-29,'002380,科远智慧,14.25,14.71,14.18,14.65,14.63,-0.38,-2.5974,0.9021,2164863,31254001.33,3419880998.25,3419880998.25
2019-10-28,'002380,科远智慧,14.63,14.64,14.32,14.32,14.3,0.33,2.3077,1.0808,2593852,37748424.32,3511077824.87,3511077824.87
2019-10-25,'002380,科远智慧,14.3,14.36,14.17,14.33,14.33,-0.03,-0.2094,0.8681,2083277,29738022.5,3431880580.7,3431880580.7
2019-10-24,'002380,科远智慧,14.33,14.52,14.18,14.28,14.43,-0.1,-0.693,1.1797,2831104,40554467.79,3439080330.17,3439080330.17
2019-10-23,'002380,科远智慧,14.43,15.08,14.34,14.96,14.98,-0.55,-3.6716,1.9145,4594676,67165922.28,3463079495.07,3463079495.07
2019-10-22,'002380,科远智慧,14.98,15.47,14.8,15.08,15.06,-0.08,-0.5312,1.4952,3588258,54074857.9,3595074902.02,3595074902.02
2019-10-21,'002380,科远智慧,15.06,15.44,14.8,15.19,15.44,-0.38,-2.4611,1.3564,3255214,48909021.74,3614274233.94,3614274233.94
2019-10-18,'002380,科远智慧,15.44,15.85,15.33,15.71,15.78,-0.34,-2.1546,1.074,2577424,40026286.58,3705471060.56,3705471060.56
2019-10-17,'002380,科远智慧,15.78,16.07,15.55,15.55,15.6,0.18,1.1538,1.1235,2696349,42808252.82,3787068221.22,3787068221.22
2019-10-16,'002380,科远智慧,15.6,15.9,15.6,15.8,15.77,-0.17,-1.078,0.885,2123840,33358670.64,3743869724.4,3743869724.4
2019-10-15,'002380,科远智慧,15.77,15.97,15.56,15.67,15.75,0.02,0.127,1.0648,2555437,40333513.72,3784668304.73,3784668304.73
2019-10-14,'002380,科远智慧,15.75,15.81,15.47,15.5,15.39,0.36,2.3392,1.0805,2593202,40761534.0,3779868471.75,3779868471.75
2019-10-11,'002380,科远智慧,15.39,15.49,15.18,15.28,15.23,0.16,1.0506,0.9167,2200015,33794455.84,3693471478.11,3693471478.11
2019-10-10,'002380,科远智慧,15.23,15.29,15.05,15.13,15.15,0.08,0.5281,0.8033,1927848,29254635.63,3655072814.27,3655072814.27
2019-10-09,'002380,科远智慧,15.15,15.15,14.58,14.79,14.75,0.4,2.7119,1.1771,2824940,42292766.26,3635873482.35,3635873482.35
2019-10-08,'002380,科远智慧,14.75,15.13,14.65,14.74,14.61,0.14,0.9582,0.9096,2182940,32592042.4,3539876822.75,3539876822.75
2019-09-30,'002380,科远智慧,14.61,15.14,14.6,15.0,15.05,-0.44,-2.9236,0.9134,2192079,32418319.33,3506277991.89,3506277991.89
2019-09-27,'002380,科远智慧,15.05,15.17,14.5,14.57,14.55,0.5,3.4364,1.1862,2846691,42611585.19,3611874317.45,3611874317.45
2019-09-26,'002380,科远智慧,14.55,15.3,14.5,15.26,15.2,-0.65,-4.2763,1.293,3103101,45823418.83,3491878492.95,3491878492.95
2019-09-25,'002380,科远智慧,15.2,15.65,15.15,15.5,15.49,-0.29,-1.8722,1.067,2560671,39334809.94,3647873064.8,3647873064.8
2019-09-24,'002380,科远智慧,15.49,15.84,15.45,15.48,15.43,0.06,0.3889,1.4078,3378525,52824192.69,3717470643.01,3717470643.01
2019-09-23,'002380,科远智慧,15.43,15.7,15.22,15.7,15.66,-0.23,-1.4687,0.9157,2197513,33891377.21,3703071144.07,3703071144.07
2019-09-20,'002380,科远智慧,15.66,15.95,15.49,15.83,15.9,-0.24,-1.5094,1.1874,2849725,44692289.06,3758269223.34,3758269223.34
2019-09-19,'002380,科远智慧,15.9,15.9,15.66,15.7,15.68,0.22,1.4031,0.9613,2306924,36417117.88,3815867219.1,3815867219.1
2019-09-18,'002380,科远智慧,15.68,15.97,15.56,15.8,15.82,-0.14,-0.885,0.9117,2187924,34511137.01,3763069056.32,3763069056.32
2019-09-17,'002380,科远智慧,15.82,16.38,15.6,16.38,16.38,-0.56,-3.4188,1.5295,3670600,58393750.0,3796667887.18,3796667887.18
2019-09-16,'002380,科远智慧,16.38,16.45,16.0,16.0,16.0,0.38,2.375,1.741,4178279,68027837.57,3931063210.62,3931063210.62
2019-09-12,'002380,科远智慧,16.0,16.19,15.78,16.12,16.09,-0.09,-0.5594,1.3707,3289579,52434237.27,3839866384.0,3839866384.0
2019-09-11,'002380,科远智慧,16.09,16.39,16.03,16.3,16.3,-0.21,-1.2883,1.4589,3501269,56511489.27,3861465632.41,3861465632.41
2019-09-10,'002380,科远智慧,16.3,16.45,16.02,16.28,16.27,0.03,0.1844,1.8177,4362387,70679514.1,3911863878.7,3911863878.7
2019-09-09,'002380,科远智慧,16.27,16.31,15.83,15.83,15.77,0.5,3.1706,2.7059,6493885,104779509.38,3904664129.23,3904664129.23
2019-09-06,'002380,科远智慧,15.77,16.04,15.57,15.74,15.73,0.04,0.2543,1.9529,4686864,74027676.7,3784668304.73,3784668304.73
2019-09-05,'002380,科远智慧,15.73,16.09,15.53,15.6,15.57,0.16,1.0276,2.5796,6190904,97957060.02,3775068638.77,3775068638.77
2019-09-04,'002380,科远智慧,15.57,15.64,15.34,15.64,15.65,-0.08,-0.5112,1.548,3714986,57428938.49,3736669974.93,3736669974.93
2019-09-03,'002380,科远智慧,15.65,15.76,15.44,15.62,15.76,-0.11,-0.698,1.9509,4681897,72967588.64,3755869306.85,3755869306.85
2019-09-02,'002380,科远智慧,15.76,15.86,15.1,15.18,15.03,0.73,4.857,3.0906,7417131,114699462.49,3782268388.24,3782268388.24
2019-08-30,'002380,科远智慧,15.03,15.18,14.81,14.81,14.79,0.24,1.6227,1.8203,4368638,65662043.18,3607074484.47,3607074484.47
2019-08-29,'002380,科远智慧,14.79,15.11,14.78,15.05,15.08,-0.29,-1.9231,0.9114,2187229,32622387.37,3549476488.71,3549476488.71
2019-08-28,'002380,科远智慧,15.08,15.15,14.72,14.96,14.96,0.12,0.8021,0.9855,2365010,35233073.2,3619074066.92,3619074066.92
2019-08-27,'002380,科远智慧,14.96,15.05,14.67,14.67,14.65,0.31,2.116,0.8517,2043900,30400506.0,3590275069.04,3590275069.04
2019-08-26,'002380,科远智慧,14.65,14.82,14.5,14.58,14.89,-0.24,-1.6118,0.918,2203180,32298570.03,3515877657.85,3515877657.85
2019-08-23,'002380,科远智慧,14.89,15.25,14.79,15.18,15.22,-0.33,-2.1682,1.1049,2651754,39669451.76,3573475653.61,3573475653.61
2019-08-22,'002380,科远智慧,15.22,15.32,14.92,15.23,15.21,0.01,0.0657,1.2684,3044042,46048982.9,3652672897.78,3652672897.78
2019-08-21,'002380,科远智慧,15.21,15.49,15.1,15.18,15.19,0.02,0.1317,1.344,3225372,49400656.94,3650272981.29,3650272981.29
2019-08-20,'002380,科远智慧,15.19,15.66,15.14,15.35,15.38,-0.19,-1.2354,1.7621,4228782,64784022.0,3645473148.31,3645473148.31
2019-08-19,'002380,科远智慧,15.38,15.45,15.04,15.04,14.89,0.49,3.2908,1.9578,4698575,71748073.45,3691071561.62,3691071561.62
2019-08-16,'002380,科远智慧,14.89,15.21,14.89,15.16,15.18,-0.29,-1.9104,1.8732,4495601,67640754.09,3573475653.61,3573475653.61
2019-08-15,'002380,科远智慧,15.18,15.18,14.36,14.45,14.8,0.38,2.5676,2.5871,6208843,92754250.28,3643073231.82,3643073231.82
2019-08-14,'002380,科远智慧,14.8,14.99,14.56,14.76,14.64,0.16,1.0929,1.8839,4521200,66824951.0,3551876405.2,3551876405.2
2019-08-13,'002380,科远智慧,14.64,14.82,14.21,14.28,14.08,0.56,3.9773,1.9564,4695297,68387643.4,3513477741.36,3513477741.36
2019-08-12,'002380,科远智慧,14.08,14.11,13.66,13.66,13.77,0.31,2.2513,0.6833,1639800,22930416.0,3379082417.92,3379082417.92
2019-08-09,'002380,科远智慧,13.77,14.22,13.75,14.09,14.07,-0.3,-2.1322,1.0471,2512840,35014669.0,3304685006.73,3304685006.73
2019-08-08,'002380,科远智慧,14.07,14.77,14.0,14.58,14.7,-0.63,-4.2857,2.3489,5637249,80088348.67,3376682501.43,3376682501.43
2019-08-07,'002380,科远智慧,14.7,15.05,13.88,13.98,13.8,0.9,6.5217,2.4212,5810637,84960446.96,3527877240.3,3527877240.3
2019-08-06,'002380,科远智慧,13.8,14.89,13.2,14.89,14.67,-0.87,-5.9305,1.4392,3454048,48056049.64,3311884756.2,3311884756.2
2019-08-05,'002380,科远智慧,14.67,15.05,14.57,14.71,14.71,-0.04,-0.2719,1.1226,2694195,39794541.38,3520677490.83,3520677490.83
2019-08-02,'002380,科远智慧,14.71,14.77,14.42,14.51,14.71,0.0,0.0,1.0477,2514326,36710799.1,3530277156.79,3530277156.79
2019-08-01,'002380,科远智慧,14.71,14.85,14.3,14.48,14.69,0.02,0.1361,1.3724,3293720,48460756.87,3530277156.79,3530277156.79
2019-07-31,'002380,科远智慧,14.69,14.83,14.49,14.66,14.67,0.02,0.1363,0.9426,2262253,33142506.92,3525477323.81,3525477323.81
2019-07-30,'002380,科远智慧,14.67,14.79,14.37,14.37,14.47,0.2,1.3822,1.6231,3895295,56945366.03,3520677490.83,3520677490.83
2019-07-29,'002380,科远智慧,14.47,14.78,14.02,14.02,13.87,0.6,4.3259,2.0483,4915823,70991142.29,3472679161.03,3472679161.03
2019-07-26,'002380,科远智慧,13.87,13.98,13.47,13.47,13.67,0.2,1.4631,0.6188,1485165,20477806.83,3328684171.63,3328684171.63
2019-07-25,'002380,科远智慧,13.67,13.76,13.55,13.57,13.65,0.02,0.1465,0.3999,959749,13110276.49,3280685841.83,3280685841.83
2019-07-24,'002380,科远智慧,13.65,13.73,13.42,13.48,13.43,0.22,1.6381,0.5884,1412146,19184643.08,3275886008.85,3275886008.85
2019-07-23,'002380,科远智慧,13.43,13.62,13.3,13.43,13.43,0.0,0.0,0.4302,1032400,13879727.0,3223087846.07,3223087846.07
2019-07-22,'002380,科远智慧,13.43,14.04,13.41,13.93,14.01,-0.58,-4.1399,0.4812,1154830,15815811.65,3223087846.07,3223087846.07
2019-07-19,'002380,科远智慧,14.01,14.07,13.61,13.61,13.77,0.24,1.7429,0.2918,700200,9765953.0,3362283002.49,3362283002.49
2019-07-18,'002380,科远智慧,13.77,14.18,13.76,14.18,14.18,-0.41,-2.8914,0.3465,831476,11529632.0,3304685006.73,3304685006.73
2019-07-17,'002380,科远智慧,14.18,14.24,14.02,14.2,14.2,-0.02,-0.1408,0.2851,684280,9683054.37,3403081582.82,3403081582.82
2019-07-16,'002380,科远智慧,14.2,14.3,14.1,14.1,14.21,-0.01,-0.0704,0.3045,730700,10380457.38,3407881415.8,3407881415.8
2019-07-15,'002380,科远智慧,14.21,14.29,13.55,13.81,13.88,0.33,2.3775,0.5807,1393620,19540532.21,3410281332.29,3410281332.29
2019-07-12,'002380,科远智慧,13.88,14.06,13.79,13.84,13.95,-0.07,-0.5018,0.3791,909703,12654405.58,3331084088.12,3331084088.12
2019-07-11,'002380,科远智慧,13.95,14.14,13.82,13.99,13.99,-0.04,-0.2859,0.4248,1019588,14280299.36,3347883503.55,3347883503.55
2019-07-10,'002380,科远智慧,13.99,14.09,13.82,13.87,13.89,0.1,0.7199,0.5205,1249037,17465063.38,3357483169.51,3357483169.51
2019-07-09,'002380,科远智慧,13.89,13.92,13.61,13.92,13.74,0.15,1.0917,0.4363,1047159,14411895.05,3333484004.61,3333484004.61
2019-07-08,'002380,科远智慧,13.74,14.3,13.74,14.3,14.36,-0.62,-4.3175,1.2406,2977235,41528137.27,3297485257.26,3297485257.26
2019-07-05,'002380,科远智慧,14.36,14.65,14.17,14.65,14.7,-0.34,-2.3129,1.4343,3442177,49202287.68,3446280079.64,3446280079.64
2019-07-04,'002380,科远智慧,14.7,14.88,14.17,14.18,14.18,0.52,3.6671,1.6709,4010099,58826591.81,3527877240.3,3527877240.3
2019-07-03,'002380,科远智慧,14.18,14.46,14.07,14.36,14.38,-0.2,-1.3908,0.6999,1679665,23868160.87,3403081582.82,3403081582.82
2019-07-02,'002380,科远智慧,14.38,14.55,14.12,14.55,14.55,-0.17,-1.1684,0.867,2080760,29777772.4,3451079912.62,3451079912.62
2019-07-01,'002380,科远智慧,14.55,14.65,14.33,14.45,14.09,0.46,3.2647,0.7991,1917862,27774463.01,3491878492.95,3491878492.95
2019-06-28,'002380,科远智慧,14.09,14.58,13.93,14.36,14.36,-0.27,-1.8802,0.7644,1834547,25926619.78,3381482334.41,3381482334.41
2019-06-27,'002380,科远智慧,14.36,14.53,14.31,14.37,14.43,-0.07,-0.4851,0.7252,1740355,25098528.34,3446280079.64,3446280079.64
2019-06-26,'002380,科远智慧,14.43,14.79,14.35,14.66,14.86,-0.43,-2.8937,1.1545,2770650,40100013.37,3463079495.07,3463079495.07
2019-06-25,'002380,科远智慧,14.86,15.55,14.11,14.39,14.57,0.29,1.9904,2.0124,4829612,71265181.86,3566275904.14,3566275904.14
2019-06-24,'002380,科远智慧,14.57,14.64,14.29,14.31,14.29,0.28,1.9594,0.9848,2363363,34160263.84,3496678325.93,3496678325.93
2019-06-21,'002380,科远智慧,14.29,14.5,14.02,14.02,14.11,0.18,1.2757,0.7252,1740464,24853143.38,3429480664.21,3429480664.21
2019-06-20,'002380,科远智慧,14.11,14.15,13.52,13.61,13.68,0.43,3.1433,0.6023,1445492,20086363.41,3386282167.39,3386282167.39
2019-06-19,'002380,科远智慧,13.68,13.92,13.6,13.73,13.46,0.22,1.6345,0.5383,1291993,17843887.47,3283085758.32,3283085758.32
2019-06-18,'002380,科远智慧,13.46,13.57,13.21,13.57,13.47,-0.01,-0.0742,0.3089,741410,9925869.76,3230287595.54,3230287595.54
2019-06-17,'002380,科远智慧,13.47,13.58,13.27,13.48,13.4,0.07,0.5224,0.4441,1065909,14355729.78,3232687512.03,3232687512.03
2019-06-14,'002380,科远智慧,13.4,13.9,13.34,13.81,13.81,-0.41,-2.9689,0.3673,881474,12003862.89,3215888096.6,3215888096.6
2019-06-13,'002380,科远智慧,13.81,13.93,13.71,13.88,13.76,0.05,0.3634,0.3255,781159,10799602.43,3314284672.69,3314284672.69
2019-06-12,'002380,科远智慧,13.76,13.97,13.58,13.66,13.86,-0.1,-0.7215,0.4852,1164525,16071305.99,3302285090.24,3302285090.24
2019-06-11,'002380,科远智慧,13.86,13.88,13.31,13.53,13.41,0.45,3.3557,0.5249,1259624,17231520.82,3326284255.14,3326284255.14
2019-06-10,'002380,科远智慧,13.41,13.48,13.08,13.14,13.19,0.22,1.6679,0.3603,864628,11533534.02,3218288013.09,3218288013.09
2019-06-06,'002380,科远智慧,13.19,13.55,13.13,13.46,13.42,-0.23,-1.7139,0.4224,1013778,13516127.82,3165489850.31,3165489850.31
2019-06-05,'002380,科远智慧,13.42,13.98,13.42,13.89,13.79,-0.37,-2.6831,0.6741,1617900,22063833.94,3220687929.58,3220687929.58
2019-06-04,'002380,科远智慧,13.79,14.08,13.54,13.95,14.16,-0.37,-2.613,0.7414,1779200,24505245.39,3309484839.71,3309484839.71
2019-06-03,'002380,科远智慧,14.16,14.37,13.87,14.37,14.19,-0.03,-0.2114,0.7794,1870530,26288156.24,3398281749.84,3398281749.84
2019-05-31,'002380,科远智慧,14.19,14.35,14.05,14.18,14.03,0.16,1.1404,0.5986,1436700,20412498.0,3405481499.31,3405481499.31
2019-05-30,'002380,科远股份,14.23,14.58,13.93,14.58,14.58,-0.35,-2.4005,0.7364,1767243,25037719.45,3415081165.27,3415081165.27
2019-05-29,'002380,科远股份,14.58,14.69,14.3,14.4,14.45,0.13,0.8997,0.4034,968088,14040041.0,3499078242.42,3499078242.42
2019-05-28,'002380,科远股份,14.45,14.72,14.32,14.34,14.41,0.04,0.2776,0.7094,1702451,24728685.38,3467879328.05,3467879328.05
2019-05-27,'002380,科远股份,14.41,14.45,13.8,13.99,13.94,0.47,3.3716,1.0713,2571127,36273150.31,3458279662.09,3458279662.09
2019-05-24,'002380,科远股份,13.94,14.73,13.85,14.45,14.45,-0.51,-3.5294,0.8427,2022425,28822079.25,3345483587.06,3345483587.06
2019-05-23,'002380,科远股份,14.45,15.0,14.33,14.88,14.83,-0.38,-2.5624,0.5637,1352804,19822891.6,3467879328.05,3467879328.05
2019-05-22,'002380,科远股份,14.83,15.13,14.75,14.99,14.99,-0.16,-1.0674,0.4506,1081335,16105878.61,3559076154.67,3559076154.67
2019-05-21,'002380,科远股份,14.99,15.32,14.51,14.52,14.66,0.33,2.251,0.7959,1910151,28662993.45,3597474818.51,3597474818.51
2019-05-20,'002380,科远股份,14.66,14.8,14.03,14.5,14.4,0.26,1.8056,0.7115,1707585,24586149.18,3518277574.34,3518277574.34
2019-05-17,'002380,科远股份,14.4,15.3,14.25,15.16,15.18,-0.78,-5.1383,1.0535,2528257,37014957.38,3455879745.6,3455879745.6
2019-05-16,'002380,科远股份,15.18,15.36,15.09,15.3,15.15,0.03,0.198,0.6251,1500197,22804139.91,3643073231.82,3643073231.82
2019-05-15,'002380,科远股份,15.15,15.3,14.92,15.06,15.06,0.09,0.5976,0.7214,1731209,26104681.7,3635873482.35,3635873482.35
2019-05-14,'002380,科远股份,15.06,15.29,14.98,15.06,15.31,-0.25,-1.6329,0.5257,1261736,19013368.44,3614274233.94,3614274233.94
2019-05-13,'002380,科远股份,15.31,15.32,14.9,14.95,15.16,0.15,0.9894,0.7151,1716278,25873579.65,3674272146.19,3674272146.19
2019-05-10,'002380,科远股份,15.16,15.2,14.5,14.8,14.7,0.46,3.1293,0.8596,2063085,30735733.77,3638273398.84,3638273398.84
2019-05-09,'002380,科远股份,14.7,14.8,14.41,14.55,14.55,0.15,1.0309,0.7517,1804020,26440708.4,3527877240.3,3527877240.3
2019-05-08,'002380,科远股份,14.55,14.8,14.1,14.33,14.73,-0.18,-1.222,0.673,1615178,23425880.36,3491878492.95,3491878492.95
2019-05-07,'002380,科远股份,14.73,14.92,14.44,14.54,14.44,0.29,2.0083,0.6769,1624417,23915573.71,3535076989.77,3535076989.77
2019-05-06,'002380,科远股份,14.44,15.4,14.44,15.4,15.9,-1.46,-9.1824,2.0535,4928259,73296031.09,3465479411.56,3465479411.56
2019-04-30,'002380,科远股份,15.9,16.05,15.16,15.16,15.4,0.5,3.2468,1.1601,2784122,43997614.06,3815867219.1,3815867219.1
2019-04-29,'002380,科远股份,15.4,16.33,15.28,15.8,15.61,-0.21,-1.3453,1.7346,4162776,65797762.49,3695871394.6,3695871394.6
2019-04-26,'002380,科远股份,15.61,15.98,15.09,15.09,15.24,0.37,2.4278,1.4904,3576809,56297390.37,3746269640.89,3746269640.89
2019-04-25,'002380,科远股份,15.24,16.36,15.24,16.05,16.1,-0.86,-5.3416,1.158,2779002,44181248.42,3657472730.76,3657472730.76
2019-04-24,'002380,科远股份,16.1,16.1,15.71,15.78,15.78,0.32,2.0279,0.9624,2309675,36812748.0,3863865548.9,3863865548.9
2019-04-23,'002380,科远股份,15.78,16.49,15.6,16.49,16.4,-0.62,-3.7805,1.2701,3048026,48331629.7,3787068221.22,3787068221.22
2019-04-22,'002380,科远股份,16.4,16.65,16.3,16.5,16.5,-0.1,-0.6061,1.1109,2666177,43853892.9,3935863043.6,3935863043.6
2019-04-19,'002380,科远股份,16.5,16.57,16.09,16.1,16.32,0.18,1.1029,1.3122,3149271,51426160.54,3959862208.5,3959862208.5
2019-04-18,'002380,科远股份,16.32,16.68,16.0,16.2,16.39,-0.07,-0.4271,1.8148,4355280,71164865.28,3916663711.68,3916663711.68
2019-04-17,'002380,科远股份,16.39,16.64,16.16,16.16,15.86,0.53,3.3417,2.6335,6320113,103758510.0,3933463127.11,3933463127.11
2019-04-16,'002380,科远股份,15.86,15.88,14.95,15.18,15.22,0.64,4.205,1.4684,3524031,54398912.04,3806267553.14,3806267553.14
2019-04-15,'002380,科远股份,15.22,15.95,15.22,15.75,15.52,-0.3,-1.933,0.9809,2354100,36606739.04,3652672897.78,3652672897.78
2019-04-12,'002380,科远股份,15.52,15.77,15.23,15.48,15.56,-0.04,-0.2571,1.188,2851000,44079019.26,3724670392.48,3724670392.48
2019-04-11,'002380,科远股份,15.56,17.76,15.56,16.6,16.99,-1.43,-8.4167,3.8227,9174089,149191630.49,3734270058.44,3734270058.44
2019-04-10,'002380,科远股份,16.99,17.1,15.76,15.76,16.11,0.88,5.4624,4.1766,10023418,166776046.58,4077458116.51,4077458116.51
2019-04-09,'002380,科远股份,16.11,16.98,15.97,16.8,16.5,-0.39,-2.3636,4.4519,10684252,175015853.17,3866265465.39,3866265465.39
2019-04-08,'002380,科远股份,16.5,17.15,16.26,17.15,15.59,0.91,5.8371,6.6501,15959603,269949096.19,3959862208.5,3959862208.5
2019-04-04,'002380,科远股份,15.59,15.79,15.3,15.68,15.58,0.01,0.0642,2.1185,5084174,79256787.38,3741469807.91,3741469807.91
2019-04-03,'002380,科远股份,15.58,15.99,15.03,15.16,15.23,0.35,2.2981,1.9561,4694500,72840075.0,3739069891.42,3739069891.42
2019-04-02,'002380,科远股份,15.23,15.56,15.04,15.05,15.04,0.19,1.2633,2.0562,4934682,75943519.47,3655072814.27,3655072814.27
2019-04-01,'002380,科远股份,15.04,15.2,14.61,14.64,14.56,0.48,3.2967,2.153,5167039,77576467.65,3609474400.96,3609474400.96
2019-03-29,'002380,科远股份,14.56,14.65,14.04,14.16,14.18,0.38,2.6798,1.3375,3209923,46231804.93,3494278409.44,3494278409.44
2019-03-28,'002380,科远股份,14.18,14.68,13.91,14.11,14.12,0.06,0.4249,1.221,2930226,42036630.12,3403081582.82,3403081582.82
2019-03-27,'002380,科远股份,14.12,14.31,13.93,14.09,14.07,0.05,0.3554,0.774,1857506,26175790.76,3388682083.88,3388682083.88
2019-03-26,'002380,科远股份,14.07,14.73,14.05,14.7,14.48,-0.41,-2.8315,1.0983,2635807,37849383.84,3376682501.43,3376682501.43
2019-03-25,'002380,科远股份,14.48,14.86,14.41,14.6,14.84,-0.36,-2.4259,1.1896,2854941,41721226.9,3475079077.52,3475079077.52
2019-03-22,'002380,科远股份,14.84,14.98,14.6,14.85,15.25,-0.41,-2.6885,2.07,4967733,73355782.46,3561476071.16,3561476071.16
2019-03-21,'002380,科远股份,15.25,15.38,14.41,14.58,14.57,0.68,4.6671,2.263,5431087,80637183.92,3659872647.25,3659872647.25
2019-03-20,'002380,科远股份,14.57,14.68,14.15,14.5,14.47,0.1,0.6911,1.1443,2746259,39727652.2,3496678325.93,3496678325.93
2019-03-19,'002380,科远股份,14.47,14.64,14.26,14.41,14.46,0.01,0.0692,1.3617,3268041,47253388.24,3472679161.03,3472679161.03
2019-03-18,'002380,科远股份,14.46,14.48,14.08,14.41,14.39,0.07,0.4864,1.6508,3961828,56508603.49,3470279244.54,3470279244.54
2019-03-15,'002380,科远股份,14.39,14.66,14.2,14.45,14.37,0.02,0.1392,1.6189,3885222,56150012.05,3453479829.11,3453479829.11
2019-03-14,'002380,科远股份,14.37,14.96,14.26,14.85,15.46,-1.09,-7.0505,3.015,7235847,105314085.92,3448679996.13,3448679996.13
2019-03-13,'002380,科远股份,15.46,16.7,15.21,16.7,16.7,-1.24,-7.4251,6.8758,16501427,260448374.38,3710270893.54,3710270893.54
2019-03-12,'002380,科远股份,16.7,16.7,16.7,16.7,15.18,1.52,10.0132,0.4377,1050396,17541613.2,4007860538.3,4007860538.3
2019-03-11,'002380,科远股份,15.18,15.18,15.18,15.18,13.8,1.38,10.0,0.91,2183907,33151708.26,3643073231.82,3643073231.82
2019-03-08,'002380,科远股份,13.8,14.48,13.8,14.0,14.04,-0.24,-1.7094,3.8642,9273830,131356818.13,3311884756.2,3311884756.2
2019-03-07,'002380,科远股份,14.04,14.61,13.8,14.6,14.22,-0.18,-1.2658,4.1723,10013174,141066619.57,3369482751.96,3369482751.96
2019-03-06,'002380,科远股份,14.22,14.28,13.34,13.98,13.35,0.87,6.5169,4.5872,11008876,151917648.6,3412681248.78,3412681248.78
2019-03-05,'002380,科远股份,13.35,13.48,12.43,12.48,12.48,0.87,6.9712,2.7871,6688787,86308681.84,3203888514.15,3203888514.15
2019-03-04,'002380,科远股份,12.48,12.9,12.2,12.32,12.17,0.31,2.5472,2.1072,5057013,63767588.2,2995095779.52,2995095779.52
2019-03-01,'002380,科远股份,12.17,12.31,12.04,12.12,12.11,0.06,0.4955,1.025,2459944,29947900.64,2920698368.33,2920698368.33
2019-02-28,'002380,科远股份,12.11,12.33,12.0,12.06,12.06,0.05,0.4146,1.1653,2796570,33934893.39,2906298869.39,2906298869.39
2019-02-27,'002380,科远股份,12.06,12.33,12.0,12.2,12.2,-0.14,-1.1475,1.1964,2871335,35024094.65,2894299286.94,2894299286.94
2019-02-26,'002380,科远股份,12.2,12.51,12.13,12.39,12.39,-0.19,-1.5335,1.7331,4159328,51232262.45,2927898117.8,2927898117.8
2019-02-25,'002380,科远股份,12.39,12.44,11.95,11.98,11.86,0.53,4.4688,1.9681,4723354,57870068.85,2973496531.11,2973496531.11
2019-02-22,'002380,科远股份,11.86,11.94,11.65,11.65,11.71,0.15,1.281,1.2482,2995513,35385652.31,2846300957.14,2846300957.14
2019-02-21,'002380,科远股份,11.71,12.02,11.62,11.78,11.77,-0.06,-0.5098,1.5102,3624300,42933624.0,2810302209.79,2810302209.79
2019-02-20,'002380,科远股份,11.77,11.77,11.49,11.67,11.75,0.02,0.1702,1.0976,2634104,30644117.28,2824701708.73,2824701708.73
2019-02-19,'002380,科远股份,11.75,11.75,11.44,11.63,11.6,0.15,1.2931,1.2282,2947627,34229118.85,2819901875.75,2819901875.75
2019-02-18,'002380,科远股份,11.6,11.69,11.27,11.27,11.27,0.33,2.9281,1.3963,3351079,38662884.48,2783903128.4,2783903128.4
2019-02-15,'002380,科远股份,11.27,11.45,11.18,11.22,11.22,0.05,0.4456,1.0587,2540873,28747239.14,2704705884.23,2704705884.23
2019-02-14,'002380,科远股份,11.22,11.22,11.08,11.15,11.17,0.05,0.4476,0.6037,1448944,16161771.16,2692706301.78,2692706301.78
2019-02-13,'002380,科远股份,11.17,11.19,10.89,10.97,10.98,0.19,1.7304,0.824,1977574,21904398.74,2680706719.33,2680706719.33
2019-02-12,'002380,科远股份,10.98,11.01,10.8,10.86,10.86,0.12,1.105,0.5541,1329764,14508646.83,2635108306.02,2635108306.02
2019-02-11,'002380,科远股份,10.86,10.86,10.6,10.64,10.64,0.22,2.0677,0.5132,1231748,13256726.61,2606309308.14,2606309308.14
2019-02-01,'002380,科远股份,10.64,10.67,10.22,10.24,10.22,0.42,4.1096,0.4617,1108000,11578474.0,2553511145.36,2553511145.36
2019-01-31,'002380,科远股份,10.22,10.47,10.15,10.4,10.4,-0.18,-1.7308,0.6147,1475324,15226227.8,2452714652.78,2452714652.78
2019-01-30,'002380,科远股份,10.4,10.65,10.39,10.55,10.62,-0.22,-2.0716,0.3571,857100,9027952.0,2495913149.6,2495913149.6
2019-01-29,'002380,科远股份,10.62,10.73,10.37,10.49,10.55,0.07,0.6635,0.7271,1744990,18409355.6,2548711312.38,2548711312.38
2019-01-28,'002380,科远股份,10.55,10.81,10.54,10.75,10.71,-0.16,-1.4939,0.6322,1517248,16201849.88,2531911896.95,2531911896.95
2019-01-25,'002380,科远股份,10.71,11.06,10.69,11.06,11.04,-0.33,-2.9891,0.7572,1817327,19763930.99,2570310560.79,2570310560.79
2019-01-24,'002380,科远股份,11.04,11.14,10.87,11.05,10.95,0.09,0.8219,0.5466,1311688,14446128.16,2649507804.96,2649507804.96
2019-01-23,'002380,科远股份,10.95,11.0,10.82,10.83,10.88,0.07,0.6434,0.3544,850440,9292422.86,2627908556.55,2627908556.55
2019-01-22,'002380,科远股份,10.88,11.19,10.8,11.19,11.08,-0.2,-1.8051,0.4236,1016693,11107554.4,2611109141.12,2611109141.12
2019-01-21,'002380,科远股份,11.08,11.19,10.94,11.11,11.15,-0.07,-0.6278,0.6337,1520848,16879503.76,2659107470.92,2659107470.92
2019-01-18,'002380,科远股份,11.15,11.17,10.94,11.08,11.06,0.09,0.8137,0.7216,1731804,19186923.32,2675906886.35,2675906886.35
2019-01-17,'002380,科远股份,11.06,11.25,11.01,11.11,11.17,-0.11,-0.9848,0.6313,1515041,16849030.56,2654307637.94,2654307637.94
2019-01-16,'002380,科远股份,11.17,11.37,11.07,11.27,11.26,-0.09,-0.7993,1.077,2584799,28968491.56,2680706719.33,2680706719.33
2019-01-15,'002380,科远股份,11.26,11.58,10.83,10.9,10.91,0.35,3.2081,1.7985,4316208,48777737.28,2702305967.74,2702305967.74
2019-01-14,'002380,科远股份,10.91,11.11,10.85,11.08,11.01,-0.1,-0.9083,0.4625,1110025,12126306.1,2618308890.59,2618308890.59
2019-01-11,'002380,科远股份,11.01,11.08,10.79,10.8,10.79,0.22,2.0389,0.6141,1473745,16095075.5,2642308055.49,2642308055.49
2019-01-10,'002380,科远股份,10.79,11.03,10.77,10.88,10.88,-0.09,-0.8272,0.6941,1665690,18194191.15,2589509892.71,2589509892.71
2019-01-09,'002380,科远股份,10.88,11.08,10.8,10.8,10.8,0.08,0.7407,0.561,1346411,14765795.56,2611109141.12,2611109141.12
2019-01-08,'002380,科远股份,10.8,10.88,10.74,10.84,10.81,-0.01,-0.0925,0.3795,910864,9846445.12,2591909809.2,2591909809.2
2019-01-07,'002380,科远股份,10.81,10.95,10.56,10.61,10.56,0.25,2.3674,0.889,2133613,23052223.75,2594309725.69,2594309725.69
2019-01-04,'002380,科远股份,10.56,10.65,10.12,10.25,10.29,0.27,2.6239,0.5345,1282817,13362221.4,2534311813.44,2534311813.44
2019-01-03,'002380,科远股份,10.29,10.52,10.2,10.45,10.5,-0.21,-2.0,0.4242,1018128,10589660.69,2469514068.21,2469514068.21
2019-01-02,'002380,科远股份,10.5,10.63,10.37,10.55,10.53,-0.03,-0.2849,0.2963,711123,7461815.55,2519912314.5,2519912314.5
2018-12-28,'002380,科远股份,10.53,10.58,10.45,10.53,10.51,0.02,0.1903,0.2427,582357,6119048.51,2527112063.97,2527112063.97
2018-12-27,'002380,科远股份,10.51,10.82,10.5,10.82,10.65,-0.14,-1.3146,0.3559,854122,9127370.53,2522312230.99,2522312230.99
2018-12-26,'002380,科远股份,10.65,10.78,10.62,10.63,10.68,-0.03,-0.2809,0.2264,543257,5803763.48,2555911061.85,2555911061.85
2018-12-25,'002380,科远股份,10.68,10.72,10.33,10.72,10.76,-0.08,-0.7435,0.4368,1048305,11016517.64,2563110811.32,2563110811.32
2018-12-24,'002380,科远股份,10.76,10.79,10.6,10.69,10.69,0.07,0.6548,0.2713,651029,6971744.84,2582310143.24,2582310143.24
2018-12-21,'002380,科远股份,10.69,10.9,10.61,10.9,10.91,-0.22,-2.0165,0.3788,909203,9749228.82,2565510727.81,2565510727.81
2018-12-20,'002380,科远股份,10.91,10.99,10.75,10.91,10.91,0.0,0.0,0.3721,893122,9700116.49,2618308890.59,2618308890.59
2018-12-19,'002380,科远股份,10.91,10.95,10.8,10.9,10.93,-0.02,-0.183,0.2655,637127,6922433.78,2618308890.59,2618308890.59
2018-12-18,'002380,科远股份,10.93,10.96,10.75,10.85,10.85,0.08,0.7373,0.4391,1053906,11429131.4,2623108723.57,2623108723.57
2018-12-17,'002380,科远股份,10.85,10.92,10.75,10.9,10.94,-0.09,-0.8227,0.3359,806027,8724238.39,2603909391.65,2603909391.65
2018-12-14,'002380,科远股份,10.94,11.28,10.9,11.19,11.3,-0.36,-3.1858,0.4403,1056803,11716280.45,2625508640.06,2625508640.06
2018-12-13,'002380,科远股份,11.3,11.38,11.1,11.24,11.23,0.07,0.6233,0.4314,1035377,11664292.91,2711905633.7,2711905633.7
2018-12-12,'002380,科远股份,11.23,11.34,11.16,11.21,11.21,0.02,0.1784,0.2916,699714,7859528.4,2695106218.27,2695106218.27
2018-12-11,'002380,科远股份,11.21,11.21,11.06,11.13,11.11,0.1,0.9001,0.3026,726325,8091163.94,2690306385.29,2690306385.29
2018-12-10,'002380,科远股份,11.11,11.35,10.99,11.01,11.12,-0.01,-0.0899,0.4455,1069093,11941580.57,2666307220.39,2666307220.39
2018-12-07,'002380,科远股份,11.12,11.23,11.09,11.1,11.1,0.02,0.1802,0.2951,708218,7895362.89,2668707136.88,2668707136.88
2018-12-06,'002380,科远股份,11.1,11.27,11.07,11.25,11.25,-0.15,-1.3333,0.3778,906649,10099268.74,2663907303.9,2663907303.9
2018-12-05,'002380,科远股份,11.25,11.35,11.17,11.22,11.38,-0.13,-1.1424,0.5158,1237880,13948322.8,2699906051.25,2699906051.25
2018-12-04,'002380,科远股份,11.38,11.44,11.2,11.29,11.28,0.1,0.8865,0.5195,1246713,14129590.03,2731104965.62,2731104965.62
2018-12-03,'002380,科远股份,11.28,11.34,11.13,11.17,10.94,0.34,3.1079,0.69,1655913,18637780.95,2707105800.72,2707105800.72
2018-11-30,'002380,科远股份,10.94,10.97,10.75,10.82,10.82,0.12,1.1091,0.5166,1239722,13416243.6,2625508640.06,2625508640.06
2018-11-29,'002380,科远股份,10.82,11.2,10.81,11.18,11.15,-0.33,-2.9596,0.6075,1458011,16107159.55,2596709642.18,2596709642.18
2018-11-28,'002380,科远股份,11.15,11.16,10.86,10.91,10.86,0.29,2.6703,0.6613,1587076,17511586.66,2675906886.35,2675906886.35
2018-11-27,'002380,科远股份,10.86,11.05,10.84,10.95,10.92,-0.06,-0.5495,0.4889,1173318,12847486.48,2606309308.14,2606309308.14
2018-11-26,'002380,科远股份,10.92,11.04,10.75,10.83,10.92,0.0,0.0,0.6697,1607108,17523148.36,2620708807.08,2620708807.08
2018-11-23,'002380,科远股份,10.92,11.43,10.88,11.43,11.41,-0.49,-4.2945,1.1193,2686308,29923205.98,2620708807.08,2620708807.08
2018-11-22,'002380,科远股份,11.41,11.54,11.3,11.42,11.39,0.02,0.1756,0.5822,1397223,15959021.35,2738304715.09,2738304715.09
2018-11-21,'002380,科远股份,11.39,11.41,11.19,11.22,11.33,0.06,0.5296,0.6539,1569358,17750725.24,2733504882.11,2733504882.11
2018-11-20,'002380,科远股份,11.33,11.83,11.32,11.69,11.75,-0.42,-3.5745,0.8224,1973688,22829138.75,2719105383.17,2719105383.17
2018-11-19,'002380,科远股份,11.75,11.78,11.54,11.61,11.65,0.1,0.8584,0.6346,1523072,17784166.91,2819901875.75,2819901875.75
2018-11-16,'002380,科远股份,11.65,11.75,11.5,11.53,11.51,0.14,1.2163,0.9533,2287928,26632815.09,2795902710.85,2795902710.85
2018-11-15,'002380,科远股份,11.51,11.53,11.22,11.3,11.25,0.26,2.3111,0.7842,1881902,21485799.72,2762303879.99,2762303879.99
2018-11-14,'002380,科远股份,11.25,11.46,11.2,11.28,11.31,-0.06,-0.5305,0.75,1800002,20412788.74,2699906051.25,2699906051.25
2018-11-13,'002380,科远股份,11.31,11.36,11.07,11.28,11.2,0.11,0.9821,0.9265,2223564,24968024.78,2714305550.19,2714305550.19
2018-11-12,'002380,科远股份,11.2,11.22,10.8,10.9,10.87,0.33,3.0359,0.61,1463942,16258469.18,2687906468.8,2687906468.8
2018-11-09,'002380,科远股份,10.87,10.96,10.75,10.88,10.94,-0.07,-0.6399,0.4672,1121193,12165777.67,2608709224.63,2608709224.63
2018-11-08,'002380,科远股份,10.94,11.11,10.87,11.01,10.87,0.07,0.644,0.633,1519126,16739675.77,2625508640.06,2625508640.06
2018-11-07,'002380,科远股份,10.87,11.14,10.87,11.07,10.91,-0.04,-0.3666,0.6173,1481468,16319353.07,2608709224.63,2608709224.63
2018-11-06,'002380,科远股份,10.91,11.03,10.75,10.93,11.08,-0.17,-1.5343,0.7716,1851699,20099780.14,2618308890.59,2618308890.59
2018-11-05,'002380,科远股份,11.08,11.3,10.95,11.3,11.25,-0.17,-1.5111,0.8223,1973521,21974291.78,2659107470.92,2659107470.92
2018-11-02,'002380,科远股份,11.25,11.35,11.04,11.2,11.09,0.16,1.4427,1.0448,2507390,28063782.4,2699906051.25,2699906051.25
2018-11-01,'002380,科远股份,11.09,11.49,11.07,11.25,11.04,0.05,0.4529,0.9461,2270554,25616226.22,2661507387.41,2661507387.41
2018-10-31,'002380,科远股份,11.04,11.05,10.85,10.92,10.9,0.14,1.2844,0.3725,893900,9815843.98,2649507804.96,2649507804.96
2018-10-30,'002380,科远股份,10.9,10.95,10.7,10.86,10.81,0.09,0.8326,0.3684,884040,9568878.19,2615908974.1,2615908974.1
2018-10-29,'002380,科远股份,10.81,10.93,10.7,10.72,10.85,-0.04,-0.3687,0.4132,991738,10747953.33,2594309725.69,2594309725.69
2018-10-26,'002380,科远股份,10.85,11.0,10.73,10.83,10.79,0.06,0.5561,0.331,794347,8628119.7,2603909391.65,2603909391.65
2018-10-25,'002380,科远股份,10.79,10.93,10.55,10.7,10.83,-0.04,-0.3693,0.5883,1411985,15119638.15,2589509892.71,2589509892.71
2018-10-24,'002380,科远股份,10.83,10.98,10.73,10.73,10.85,-0.02,-0.1843,0.7054,1692904,18449233.82,2599109558.67,2599109558.67
2018-10-23,'002380,科远股份,10.85,11.0,10.69,10.69,10.92,-0.07,-0.641,1.0456,2509241,27193202.17,2603909391.65,2603909391.65
2018-10-22,'002380,科远股份,10.92,10.98,10.42,10.45,10.39,0.53,5.1011,0.7296,1750903,18817475.02,2620708807.08,2620708807.08
2018-10-19,'002380,科远股份,10.39,10.46,9.85,10.05,10.06,0.33,3.2803,0.5094,1222521,12492446.43,2493513233.11,2493513233.11
2018-10-18,'002380,科远股份,10.06,10.26,10.0,10.26,10.26,-0.2,-1.9493,0.4168,1000232,10102736.71,2414315988.94,2414315988.94
2018-10-17,'002380,科远股份,10.26,10.31,10.07,10.19,10.1,0.16,1.5842,0.365,875974,8928208.06,2462314318.74,2462314318.74
2018-10-16,'002380,科远股份,10.1,10.49,10.01,10.38,10.38,-0.28,-2.6975,0.3915,939614,9599057.36,2423915654.9,2423915654.9
2018-10-15,'002380,科远股份,10.38,10.6,10.32,10.6,10.5,-0.12,-1.1429,0.3297,791200,8290783.0,2491113316.62,2491113316.62
2018-10-12,'002380,科远股份,10.5,10.59,10.03,10.58,10.7,-0.2,-1.8692,0.9185,2204262,22726070.55,2519912314.5,2519912314.5
2018-10-11,'002380,科远股份,10.7,11.6,10.7,11.6,11.89,-1.19,-10.0084,1.026,2462298,27156884.18,2567910644.3,2567910644.3
2018-10-10,'002380,科远股份,11.89,11.98,11.8,11.85,11.86,0.03,0.253,0.3105,745211,8869662.46,2853500706.61,2853500706.61
2018-10-09,'002380,科远股份,11.86,11.97,11.76,11.85,11.84,0.02,0.1689,0.3514,843428,9987804.92,2846300957.14,2846300957.14
2018-10-08,'002380,科远股份,11.84,12.06,11.81,12.06,12.22,-0.38,-3.1097,0.5322,1277300,15245663.0,2841501124.16,2841501124.16
2018-09-28,'002380,科远股份,12.22,12.26,12.03,12.09,12.08,0.14,1.1589,0.5218,1252200,15220349.0,2932697950.78,2932697950.78
2018-09-27,'002380,科远股份,12.08,12.44,12.04,12.43,12.43,-0.35,-2.8158,0.8698,2087330,25464870.7,2899099119.92,2899099119.92
2018-09-26,'002380,科远股份,12.43,12.44,12.13,12.18,12.16,0.27,2.2204,0.9743,2338247,28891029.78,2983096197.07,2983096197.07
2018-09-25,'002380,科远股份,12.16,12.38,12.07,12.35,12.42,-0.26,-2.0934,0.564,1353639,16576937.0,2918298451.84,2918298451.84
2018-09-21,'002380,科远股份,12.42,12.47,12.21,12.36,12.3,0.12,0.9756,0.6418,1540260,19003000.41,2980696280.58,2980696280.58
2018-09-20,'002380,科远股份,12.3,12.3,12.15,12.23,12.25,0.05,0.4082,0.4428,1062700,13008602.0,2951897282.7,2951897282.7
2018-09-19,'002380,科远股份,12.25,12.36,12.07,12.19,12.17,0.08,0.6574,0.7268,1744300,21392849.0,2939897700.25,2939897700.25
2018-09-18,'002380,科远股份,12.17,12.18,11.88,11.98,11.98,0.19,1.586,0.4031,967339,11677328.88,2920698368.33,2920698368.33
2018-09-17,'002380,科远股份,11.98,12.03,11.84,11.97,11.96,0.02,0.1672,0.4392,1054089,12574822.82,2875099955.02,2875099955.02
2018-09-14,'002380,科远股份,11.96,12.16,11.92,12.15,12.14,-0.18,-1.4827,0.3342,802102,9655524.47,2870300122.04,2870300122.04
2018-09-13,'002380,科远股份,12.14,12.22,11.93,12.13,12.05,0.09,0.7469,0.5043,1210200,14604771.0,2913498618.86,2913498618.86
2018-09-12,'002380,科远股份,12.05,12.2,11.99,12.13,12.13,-0.08,-0.6595,0.4293,1030200,12475022.0,2891899370.45,2891899370.45
2018-09-11,'002380,科远股份,12.13,12.18,11.82,11.98,12.04,0.09,0.7475,0.4323,1037381,12491987.84,2911098702.37,2911098702.37
2018-09-10,'002380,科远股份,12.04,12.24,11.96,12.16,12.17,-0.13,-1.0682,0.4471,1072921,12930869.04,2889499453.96,2889499453.96
2018-09-07,'002380,科远股份,12.17,12.38,12.11,12.2,12.2,-0.03,-0.2459,0.5636,1352524,16563345.88,2920698368.33,2920698368.33
2018-09-06,'002380,科远股份,12.2,12.49,12.16,12.2,12.2,0.0,0.0,0.5678,1362598,16738808.31,2927898117.8,2927898117.8
2018-09-05,'002380,科远股份,12.2,12.37,12.15,12.28,12.3,-0.1,-0.813,0.48,1151872,14154142.21,2927898117.8,2927898117.8
2018-09-04,'002380,科远股份,12.3,12.45,12.16,12.29,12.09,0.21,1.737,0.8269,1984516,24385115.74,2951897282.7,2951897282.7
2018-09-03,'002380,科远股份,12.09,12.1,11.76,11.91,11.98,0.11,0.9182,0.5011,1202513,14318935.81,2901499036.41,2901499036.41
2018-08-31,'002380,科远股份,11.98,12.17,11.91,12.07,12.13,-0.15,-1.2366,0.5738,1377014,16559861.28,2875099955.02,2875099955.02
2018-08-30,'002380,科远股份,12.13,12.31,12.06,12.17,12.18,-0.05,-0.4105,0.5898,1415525,17240169.92,2911098702.37,2911098702.37
2018-08-29,'002380,科远股份,12.18,12.44,12.16,12.37,12.41,-0.23,-1.8533,0.7742,1858000,22793054.3,2923098284.82,2923098284.82
2018-08-28,'002380,科远股份,12.41,12.54,12.2,12.25,12.25,0.16,1.3061,1.0368,2488300,30756819.36,2978296364.09,2978296364.09
2018-08-27,'002380,科远股份,12.25,12.34,11.96,11.97,11.96,0.29,2.4247,0.9046,2171000,26462938.64,2939897700.25,2939897700.25
2018-08-24,'002380,科远股份,11.96,12.08,11.93,12.06,12.05,-0.09,-0.7469,0.3448,827600,9930618.0,2870300122.04,2870300122.04
2018-08-23,'002380,科远股份,12.05,12.13,11.91,12.02,12.04,0.01,0.0831,0.6116,1467800,17685026.0,2891899370.45,2891899370.45
2018-08-22,'002380,科远股份,12.04,12.09,11.94,12.06,12.06,-0.02,-0.1658,0.4193,1006292,12095009.48,2889499453.96,2889499453.96
2018-08-21,'002380,科远股份,12.06,12.17,11.9,11.99,12.02,0.04,0.3328,0.4935,1184300,14274681.0,2894299286.94,2894299286.94
2018-08-20,'002380,科远股份,12.02,12.1,11.7,11.79,11.92,0.1,0.8389,0.6177,1482424,17559896.96,2884699620.98,2884699620.98
2018-08-17,'002380,科远股份,11.92,12.28,11.75,12.19,12.0,-0.08,-0.6667,0.4828,1158636,13902843.53,2860700456.08,2860700456.08
2018-08-16,'002380,科远股份,12.0,12.12,11.7,11.9,12.02,-0.02,-0.1664,0.5865,1407652,16809735.28,2879899788.0,2879899788.0
2018-08-15,'002380,科远股份,12.02,12.38,12.0,12.37,12.33,-0.31,-2.5142,0.6069,1456578,17685188.94,2884699620.98,2884699620.98
2018-08-14,'002380,科远股份,12.33,12.44,12.18,12.38,12.34,-0.01,-0.081,0.6421,1541040,18929100.44,2959097032.17,2959097032.17
2018-08-13,'002380,科远股份,12.34,12.48,12.03,12.17,12.32,0.02,0.1623,0.9744,2338472,28538300.08,2961496948.66,2961496948.66
2018-08-10,'002380,科远股份,12.32,12.52,11.98,12.04,12.09,0.23,1.9024,1.3841,3321741,40573642.58,2956697115.68,2956697115.68
2018-08-09,'002380,科远股份,12.09,12.21,11.72,11.82,11.81,0.28,2.3709,1.1705,2809143,33785550.27,2901499036.41,2901499036.41
2018-08-08,'002380,科远股份,11.81,12.03,11.67,11.99,12.02,-0.21,-1.7471,1.002,2404700,28489937.57,2834301374.69,2834301374.69
2018-08-07,'002380,科远股份,12.02,12.2,11.75,11.88,11.95,0.07,0.5858,1.335,3203822,38435347.14,2884699620.98,2884699620.98
2018-08-06,'002380,科远股份,11.95,12.17,11.81,12.15,12.22,-0.27,-2.2095,0.5924,1421771,17031460.38,2867900205.55,2867900205.55
2018-08-03,'002380,科远股份,12.22,12.35,12.11,12.19,12.29,-0.07,-0.5696,0.3781,907500,11092072.0,2932697950.78,2932697950.78
2018-08-02,'002380,科远股份,12.29,12.6,11.99,12.6,12.58,-0.29,-2.3052,0.7791,1869682,22949785.96,2949497366.21,2949497366.21
2018-08-01,'002380,科远股份,12.58,12.94,12.53,12.92,12.74,-0.16,-1.2559,0.615,1475962,18829498.72,3019094944.42,3019094944.42
2018-07-31,'002380,科远股份,12.74,12.78,12.55,12.68,12.55,0.19,1.5139,0.7817,1876096,23812790.45,3057493608.26,3057493608.26
2018-07-30,'002380,科远股份,12.55,13.08,12.46,12.8,13.44,-0.89,-6.622,1.6928,4062547,51915188.28,3011895194.95,3011895194.95
2018-07-27,'002380,科远股份,13.44,13.8,13.31,13.66,13.79,-0.35,-2.5381,1.1134,2672134,36123916.96,3225487762.56,3225487762.56
2018-07-26,'002380,科远股份,13.79,13.96,13.61,13.84,13.85,-0.06,-0.4332,0.977,2344698,32325634.17,3309484839.71,3309484839.71
2018-07-25,'002380,科远股份,13.85,13.87,13.58,13.72,13.72,0.13,0.9475,1.0969,2632482,36109273.59,3323884338.65,3323884338.65
2018-07-24,'002380,科远股份,13.72,13.78,13.47,13.58,13.59,0.13,0.9566,1.1047,2651154,36205580.24,3292685424.28,3292685424.28
2018-07-23,'002380,科远股份,13.59,13.69,13.15,13.34,13.34,0.25,1.8741,1.2016,2883833,38930270.94,3261486509.91,3261486509.91
2018-07-20,'002380,科远股份,13.34,13.45,12.72,12.96,13.07,0.27,2.0658,0.9703,2328535,30639196.75,3201488597.66,3201488597.66
2018-07-19,'002380,科远股份,13.07,13.48,12.9,13.48,13.4,-0.33,-2.4627,0.9826,2358074,30963193.56,3136690852.43,3136690852.43
2018-07-18,'002380,科远股份,13.4,13.65,13.21,13.28,13.28,0.12,0.9036,1.232,2956799,39743776.47,3215888096.6,3215888096.6
2018-07-17,'002380,科远股份,13.28,13.7,13.12,13.28,13.12,0.16,1.2195,1.5091,3621648,48425177.62,3187089098.72,3187089098.72
2018-07-16,'002380,科远股份,13.12,13.12,12.8,12.85,12.96,0.16,1.2346,0.6522,1565200,20342240.0,3148690434.88,3148690434.88
2018-07-13,'002380,科远股份,12.96,13.09,12.77,13.02,13.02,-0.06,-0.4608,0.6245,1498686,19318919.44,3110291771.04,3110291771.04
2018-07-12,'002380,科远股份,13.02,13.16,12.4,12.58,12.55,0.47,3.745,0.8225,1973929,25430161.33,3124691269.98,3124691269.98
2018-07-11,'002380,科远股份,12.55,12.81,12.15,12.81,12.96,-0.41,-3.1636,0.8252,1980412,24787210.79,3011895194.95,3011895194.95
2018-07-10,'002380,科远股份,12.96,13.14,12.77,12.89,12.86,0.1,0.7776,0.8684,2084050,26954947.25,3110291771.04,3110291771.04
2018-07-09,'002380,科远股份,12.86,12.98,12.62,12.66,12.66,0.2,1.5798,0.9507,2281664,29220159.71,3086292606.14,3086292606.14
2018-07-06,'002380,科远股份,12.66,12.99,12.33,12.34,12.48,0.18,1.4423,0.8194,1966448,24857024.97,3038294276.34,3038294276.34
2018-07-05,'002380,科远股份,12.48,12.78,12.28,12.68,12.68,-0.2,-1.5773,0.7667,1840087,23069274.9,2995095779.52,2995095779.52
2018-07-04,'002380,科远股份,12.68,13.18,12.58,13.07,13.18,-0.5,-3.7936,0.7112,1706831,21951190.84,3043094109.32,3043094109.32
2018-07-03,'002380,科远股份,13.18,13.3,12.8,12.8,12.95,0.23,1.7761,0.7692,1845998,24080907.57,3163089933.82,3163089933.82
2018-07-02,'002380,科远股份,12.95,13.27,12.74,12.99,13.0,-0.05,-0.3846,0.8873,2129364,27817608.06,3107891854.55,3107891854.55
2018-06-29,'002380,科远股份,13.0,13.1,12.38,12.52,12.41,0.59,4.7542,0.8765,2103461,26960010.34,3119891437.0,3119891437.0
2018-06-28,'002380,科远股份,12.41,12.56,12.25,12.33,12.41,0.0,0.0,0.4895,1174852,14615815.87,2978296364.09,2978296364.09
2018-06-27,'002380,科远股份,12.41,12.74,12.22,12.6,12.6,-0.19,-1.5079,0.6991,1677686,20937189.29,2978296364.09,2978296364.09
2018-06-26,'002380,科远股份,12.6,12.6,11.95,12.05,12.21,0.39,3.1941,0.6393,1534301,19004931.93,3023894777.4,3023894777.4
2018-06-25,'002380,科远股份,12.21,12.6,12.14,12.47,12.32,-0.11,-0.8929,0.5169,1240554,15385193.15,2930298034.29,2930298034.29
2018-06-22,'002380,科远股份,12.32,12.5,11.9,12.1,12.05,0.27,2.2407,0.6657,1597574,19595368.64,2956697115.68,2956697115.68
2018-06-21,'002380,科远股份,12.05,12.86,12.03,12.83,12.79,-0.74,-5.7858,0.7931,1903349,23625062.59,2891899370.45,2891899370.45
2018-06-20,'002380,科远股份,12.79,13.01,12.49,12.94,12.75,0.04,0.3137,0.9404,2256999,28820345.4,3069493190.71,3069493190.71
2018-06-19,'002380,科远股份,12.75,14.0,12.73,14.0,14.14,-1.39,-9.8303,0.9995,2398700,31737208.28,3059893524.75,3059893524.75
2018-06-15,'002380,科远股份,14.14,14.67,14.08,14.65,14.51,-0.37,-2.55,0.6099,1463600,20848293.0,3393481916.86,3393481916.86
2018-06-14,'002380,科远股份,14.51,14.7,14.32,14.45,14.47,0.04,0.2764,0.4019,964476,14015973.64,3482278826.99,3482278826.99
2018-06-13,'002380,科远股份,14.47,15.09,14.42,14.8,14.89,-0.42,-2.8207,0.5117,1228150,18089707.5,3472679161.03,3472679161.03
2018-06-12,'002380,科远股份,14.89,15.09,14.78,14.98,14.97,-0.08,-0.5344,0.6368,1528300,22747576.03,3573475653.61,3573475653.61
2018-06-11,'002380,科远股份,14.97,15.12,14.8,14.97,15.0,-0.03,-0.2,0.3033,727981,10870180.29,3592674985.53,3592674985.53
2018-06-08,'002380,科远股份,15.0,15.32,14.82,15.32,15.17,-0.17,-1.1206,0.4342,1042039,15676735.48,3599874735.0,3599874735.0
2018-06-07,'002380,科远股份,15.32,15.55,15.17,15.5,15.48,-0.16,-1.0336,0.5149,1235663,18980569.05,3676672062.68,3676672062.68
2018-06-06,'002380,科远股份,15.48,15.7,15.29,15.37,15.42,0.06,0.3891,0.4748,1139428,17551319.04,3715070726.52,3715070726.52
2018-06-05,'002380,科远股份,15.42,15.5,14.98,15.01,14.99,0.43,2.8686,0.7201,1728294,26246355.36,3700671227.58,3700671227.58
2018-06-04,'002380,科远股份,14.99,15.34,14.96,15.29,15.19,-0.2,-1.3167,0.6208,1489800,22505021.0,3597474818.51,3597474818.51
2018-06-01,'002380,科远股份,15.19,15.49,14.95,15.38,15.28,-0.09,-0.589,0.4456,1069400,16284890.0,3645473148.31,3645473148.31
2018-05-31,'002380,科远股份,15.28,15.46,15.12,15.36,15.19,0.09,0.5925,0.5013,1203086,18389765.96,3667072396.72,3667072396.72
2018-05-30,'002380,科远股份,15.19,15.68,15.09,15.67,15.79,-0.6,-3.7999,0.5011,1202530,18521565.38,3645473148.31,3645473148.31
2018-05-29,'002380,科远股份,15.79,16.08,15.61,15.87,15.85,-0.06,-0.3785,0.5295,1270682,20089768.59,3789468137.71,3789468137.71
2018-05-28,'002380,科远股份,15.85,16.49,15.76,16.46,16.44,-0.59,-3.5888,0.7864,1887196,30373129.23,3803867636.65,3803867636.65
2018-05-25,'002380,科远股份,16.44,16.78,16.33,16.78,16.78,-0.34,-2.0262,0.6199,1487651,24473473.56,3945462709.56,3945462709.56
2018-05-24,'002380,科远股份,16.78,16.93,16.42,16.53,16.5,0.28,1.697,0.6186,1484604,24850635.88,4027059870.22,4027059870.22
2018-05-23,'002380,科远股份,16.5,16.89,16.44,16.83,16.87,-0.37,-2.1932,0.7104,1704820,28308360.79,3959862208.5,3959862208.5
2018-05-22,'002380,科远股份,16.87,17.17,16.61,17.01,17.05,-0.18,-1.0557,0.8078,1938725,32673945.16,4048659118.63,4048659118.63
2018-05-21,'002380,科远股份,17.05,17.1,16.7,16.8,16.7,0.35,2.0958,0.6845,1642632,27874730.29,4091857615.45,4091857615.45
2018-05-18,'002380,科远股份,16.7,16.75,16.2,16.53,16.53,0.17,1.0284,0.6487,1556725,25822763.05,4007860538.3,4007860538.3
2018-05-17,'002380,科远股份,16.53,17.15,16.43,16.99,17.0,-0.47,-2.7647,0.8314,1995294,33180339.05,3967061957.97,3967061957.97
2018-05-16,'002380,科远股份,17.0,17.3,16.79,16.85,16.79,0.21,1.2507,0.7185,1724302,29467323.8,4079858033.0,4079858033.0
2018-05-15,'002380,科远股份,16.79,16.95,16.51,16.79,16.78,0.01,0.0596,0.7708,1849807,30929991.92,4029459786.71,4029459786.71
2018-05-14,'002380,科远股份,16.78,17.44,16.67,17.44,17.26,-0.48,-2.781,0.9949,2387730,40568268.7,4027059870.22,4027059870.22
2018-05-11,'002380,科远股份,17.26,17.59,17.21,17.52,17.52,-0.26,-1.484,0.5372,1289173,22341059.05,4142255861.74,4142255861.74
2018-05-10,'002380,科远股份,17.52,17.77,17.23,17.69,17.68,-0.16,-0.905,0.5915,1419455,24807210.23,4204653690.48,4204653690.48
2018-05-09,'002380,科远股份,17.68,18.21,17.5,18.09,18.08,-0.4,-2.2124,0.747,1792804,31846040.68,4243052354.32,4243052354.32
2018-05-08,'002380,科远股份,18.08,18.24,17.8,18.19,18.11,-0.03,-0.1657,0.5653,1356574,24421437.3,4339049013.92,4339049013.92
2018-05-07,'002380,科远股份,18.11,18.35,17.9,18.35,18.08,0.03,0.1659,0.8131,1951349,35307969.06,4346248763.39,4346248763.39
2018-05-04,'002380,科远股份,18.08,18.41,17.93,18.11,18.1,-0.02,-0.1105,0.5221,1252900,22803296.2,4339049013.92,4339049013.92
2018-05-03,'002380,科远股份,18.1,18.22,16.97,17.22,17.22,0.88,5.1103,0.9161,2198526,38739060.16,4343848846.9,4343848846.9
2018-05-02,'002380,科远股份,17.22,18.15,17.05,18.15,18.01,-0.79,-4.3865,1.1043,2650214,46179357.92,4132656195.78,4132656195.78
2018-04-27,'002380,科远股份,18.01,18.47,16.8,18.08,18.01,0.0,0.0,1.2249,2939765,52074039.39,4322249598.49,4322249598.49
2018-04-26,'002380,科远股份,18.01,18.95,17.97,18.81,18.8,-0.79,-4.2021,0.7415,1779595,32550996.84,4322249598.49,4322249598.49
2018-04-25,'002380,科远股份,18.8,19.03,18.61,18.77,19.0,-0.2,-1.0526,0.5882,1411700,26608417.52,4511843001.2,4511843001.2
2018-04-24,'002380,科远股份,19.0,19.1,18.05,18.18,18.15,0.85,4.6832,0.8262,1982855,37143128.98,4559841331.0,4559841331.0
2018-04-23,'002380,科远股份,18.15,18.35,17.66,18.15,18.16,-0.01,-0.0551,0.3885,932420,16856130.2,4355848429.35,4355848429.35
2018-04-20,'002380,科远股份,18.16,19.03,18.11,19.03,18.97,-0.81,-4.2699,0.6676,1602200,29557104.2,4358248345.84,4358248345.84
2018-04-19,'002380,科远股份,18.97,19.4,18.55,19.29,19.31,-0.34,-1.7607,1.0249,2459590,46509750.01,4552641581.53,4552641581.53
2018-04-18,'002380,科远股份,19.31,19.35,18.35,18.8,18.76,0.55,2.9318,0.7224,1733690,32774781.43,4634238742.19,4634238742.19
2018-04-17,'002380,科远股份,18.76,19.42,18.7,19.42,19.42,-0.66,-3.3986,0.9735,2336329,44445288.29,4502243335.24,4502243335.24
2018-04-16,'002380,科远股份,19.42,19.47,18.9,19.21,19.43,-0.01,-0.0515,0.7438,1785008,34271418.48,4660637823.58,4660637823.58
2018-04-13,'002380,科远股份,19.43,19.68,18.98,19.4,19.29,0.14,0.7258,1.5177,3642259,70865041.99,4663037740.07,4663037740.07
2018-04-12,'002380,科远股份,19.29,19.5,18.58,18.61,18.8,0.49,2.6064,1.7112,4106857,78700253.12,4629438909.21,4629438909.21
2018-04-11,'002380,科远股份,18.8,18.87,18.08,18.3,18.08,0.72,3.9823,1.2139,2913195,54165668.07,4511843001.2,4511843001.2
2018-04-10,'002380,科远股份,18.08,18.59,17.86,18.54,18.51,-0.43,-2.3231,0.718,1723034,31192773.34,4339049013.92,4339049013.92
2018-04-09,'002380,科远股份,18.51,18.59,18.16,18.19,18.43,0.08,0.4341,1.1384,2732149,50302528.0,4442245422.99,4442245422.99
2018-04-04,'002380,科远股份,18.43,18.52,17.99,18.16,17.99,0.44,2.4458,1.1531,2767402,50569036.32,4423046091.07,4423046091.07
2018-04-03,'002380,科远股份,17.99,17.99,17.62,17.8,18.03,-0.04,-0.2219,0.8319,1996444,35568876.24,4317449765.51,4317449765.51
2018-04-02,'002380,科远股份,18.03,18.6,18.0,18.4,18.29,-0.26,-1.4215,1.3254,3180946,58183596.09,4327049431.47,4327049431.47
2018-03-30,'002380,科远股份,18.29,18.36,17.63,17.65,17.71,0.58,3.275,1.1737,2816808,50844756.42,4389447260.21,4389447260.21
2018-03-29,'002380,科远股份,17.71,17.92,17.43,17.51,17.5,0.21,1.2,0.6543,1570361,27856529.01,4250252103.79,4250252103.79
2018-03-28,'002380,科远股份,17.5,17.8,17.31,17.53,17.8,-0.3,-1.6854,0.8449,2027653,35463165.5,4199853857.5,4199853857.5
2018-03-27,'002380,科远股份,17.8,17.8,17.3,17.45,17.3,0.5,2.8902,1.1016,2643710,46445370.34,4271851352.2,4271851352.2
2018-03-26,'002380,科远股份,17.3,17.3,16.01,16.38,16.5,0.8,4.8485,0.6221,1492961,24831983.21,4151855527.7,4151855527.7
2018-03-23,'002380,科远股份,16.5,17.1,15.96,17.0,17.35,-0.85,-4.8991,0.9485,2276225,37768298.6,3959862208.5,3959862208.5
2018-03-22,'002380,科远股份,17.35,17.48,17.01,17.03,17.02,0.33,1.9389,0.6461,1550500,26748203.55,4163855110.15,4163855110.15
2018-03-21,'002380,科远股份,17.02,17.67,16.95,17.38,17.27,-0.25,-1.4476,0.6395,1534674,26534092.0,4084657865.98,4084657865.98
2018-03-20,'002380,科远股份,17.27,17.48,16.92,17.44,17.58,-0.31,-1.7634,0.5873,1409422,24205484.21,4144655778.23,4144655778.23
2018-03-19,'002380,科远股份,17.58,17.7,17.11,17.28,17.32,0.26,1.5012,0.7316,1755824,30727299.09,4219053189.42,4219053189.42
2018-03-16,'002380,科远股份,17.32,17.58,17.17,17.4,17.36,-0.04,-0.2304,0.8637,2072775,35935989.99,4156655360.68,4156655360.68
2018-03-15,'002380,科远股份,17.36,17.99,17.13,17.9,17.98,-0.62,-3.4483,1.5927,3822351,66498714.95,4166255026.64,4166255026.64
2018-03-14,'002380,科远股份,17.98,18.3,17.85,17.85,18.3,-0.32,-1.7486,1.2335,2960401,53428150.87,4315049849.02,4315049849.02
2018-03-13,'002380,科远股份,18.3,19.3,18.2,18.93,18.31,-0.01,-0.0546,2.3378,5610590,105091257.35,4391847176.7,4391847176.7
2018-03-12,'002380,科远股份,18.31,18.75,17.58,18.1,17.1,1.21,7.076,2.8988,6956924,126410832.89,4394247093.19,4394247093.19
2018-03-09,'002380,科远股份,17.1,17.15,16.29,16.29,16.4,0.7,4.2683,1.6935,4064364,68364190.98,4103857197.9,4103857197.9
2018-03-08,'002380,科远股份,16.4,16.5,16.18,16.28,16.28,0.12,0.7371,0.5923,1421500,23288632.0,3935863043.6,3935863043.6
2018-03-07,'002380,科远股份,16.28,16.78,16.24,16.45,16.56,-0.28,-1.6908,0.6175,1481920,24328853.16,3907064045.72,3907064045.72
2018-03-06,'002380,科远股份,16.56,16.58,16.08,16.29,16.15,0.41,2.5387,0.9807,2353511,38377609.43,3974261707.44,3974261707.44
2018-03-05,'002380,科远股份,16.15,16.23,15.81,16.23,16.02,0.13,0.8115,0.667,1600714,25570573.28,3875865131.35,3875865131.35
2018-03-02,'002380,科远股份,16.02,16.62,15.86,15.89,15.98,0.04,0.2503,1.2047,2891065,47112161.98,3844666216.98,3844666216.98
2018-03-01,'002380,科远股份,15.98,16.39,15.1,15.23,15.28,0.7,4.5812,1.5795,3790767,60202228.72,3835066551.02,3835066551.02
2018-02-28,'002380,科远股份,15.28,15.5,15.06,15.15,15.16,0.12,0.7916,0.8141,1953854,29922119.82,3667072396.72,3667072396.72
2018-02-27,'002380,科远股份,15.16,15.31,14.95,15.06,15.06,0.1,0.664,1.1333,2719743,41174630.41,3638273398.84,3638273398.84
2018-02-26,'002380,科远股份,15.06,15.12,14.66,14.82,14.69,0.37,2.5187,0.9444,2266363,33815438.45,3614274233.94,3614274233.94
2018-02-23,'002380,科远股份,14.69,14.73,14.55,14.63,14.63,0.06,0.4101,0.3927,942494,13791341.4,3525477323.81,3525477323.81
2018-02-22,'002380,科远股份,14.63,14.7,14.43,14.5,14.48,0.15,1.0359,0.2969,712598,10411942.88,3511077824.87,3511077824.87
2018-02-14,'002380,科远股份,14.48,14.67,14.35,14.58,14.67,-0.19,-1.2952,0.2411,578714,8381388.36,3475079077.52,3475079077.52
2018-02-13,'002380,科远股份,14.67,14.99,14.53,14.8,14.71,-0.04,-0.2719,0.3246,779000,11470619.0,3520677490.83,3520677490.83
2018-02-12,'002380,科远股份,14.71,14.91,14.32,14.55,14.38,0.33,2.2949,0.6675,1602007,23443794.16,3530277156.79,3530277156.79
2018-02-09,'002380,科远股份,14.38,15.15,14.08,15.15,15.37,-0.99,-6.4411,0.7376,1770205,25819832.9,3451079912.62,3451079912.62
2018-02-08,'002380,科远股份,15.37,15.58,15.2,15.22,15.28,0.09,0.589,0.4007,961705,14806220.02,3688671645.13,3688671645.13
2018-02-07,'002380,科远股份,15.28,15.74,14.83,15.5,15.3,-0.02,-0.1307,0.6807,1633664,24969519.86,3667072396.72,3667072396.72
2018-02-06,'002380,科远股份,15.3,16.55,15.2,16.55,16.89,-1.59,-9.4139,1.5105,3624997,56300721.08,3671872229.7,3671872229.7
2018-02-05,'002380,科远股份,16.89,17.59,16.77,17.5,18.03,-1.14,-6.3228,1.4006,3361409,57906629.49,4053458951.61,4053458951.61
2018-02-02,'002380,科远股份,18.03,18.75,16.45,17.29,17.55,0.48,2.735,3.0983,7435727,133314019.2,4327049431.47,4327049431.47
2018-02-01,'002380,科远股份,17.55,17.55,16.4,16.92,16.78,0.77,4.5888,1.2415,2979430,50880352.73,4211853439.95,4211853439.95
2018-01-31,'002380,科远股份,16.78,17.0,16.66,16.91,16.96,-0.18,-1.0613,0.32,768072,12893180.93,4027059870.22,4027059870.22
2018-01-30,'002380,科远股份,16.96,17.17,16.77,16.77,16.79,0.17,1.0125,0.2217,532026,9034633.44,4070258367.04,4070258367.04
2018-01-29,'002380,科远股份,16.79,17.16,16.75,17.16,17.16,-0.37,-2.1562,0.3113,747200,12630116.0,4029459786.71,4029459786.71
2018-01-26,'002380,科远股份,17.16,17.3,17.11,17.3,17.21,-0.05,-0.2905,0.2881,691400,11873309.0,4118256696.84,4118256696.84
2018-01-25,'002380,科远股份,17.21,17.28,16.77,16.85,16.85,0.36,2.1365,0.9149,2195600,37663067.3,4130256279.29,4130256279.29
2018-01-24,'002380,科远股份,16.85,16.89,16.43,16.52,16.52,0.33,1.9976,0.3862,926802,15445022.22,4043859285.65,4043859285.65
2018-01-23,'002380,科远股份,16.52,16.69,16.48,16.51,16.68,-0.16,-0.9592,0.2454,588988,9750621.52,3964662041.48,3964662041.48
2018-01-22,'002380,科远股份,16.68,16.7,16.04,16.25,16.29,0.39,2.3941,0.5412,1298875,21349067.55,4003060705.32,4003060705.32
2018-01-19,'002380,科远股份,16.29,16.47,16.16,16.16,16.22,0.07,0.4316,0.3783,907991,14793645.82,3909463962.21,3909463962.21
2018-01-18,'002380,科远股份,16.22,16.49,16.19,16.27,16.39,-0.17,-1.0372,0.2198,527604,8612704.04,3892664546.78,3892664546.78
2018-01-17,'002380,科远股份,16.39,16.42,16.0,16.22,16.25,0.14,0.8615,0.5024,1205700,19487514.0,3933463127.11,3933463127.11
2018-01-16,'002380,科远股份,16.25,16.74,16.15,16.48,16.53,-0.28,-1.6939,0.3448,827512,13547973.0,3899864296.25,3899864296.25
2018-01-15,'002380,科远股份,16.53,16.89,16.46,16.89,16.88,-0.35,-2.0735,0.2732,655683,10880620.36,3967061957.97,3967061957.97
2018-01-12,'002380,科远股份,16.88,17.2,16.76,16.76,16.86,0.02,0.1186,0.3343,802180,13649231.02,4051059035.12,4051059035.12
2018-01-11,'002380,科远股份,16.86,16.94,16.52,16.56,16.8,0.06,0.3571,0.3085,740300,12417838.0,4046259202.14,4046259202.14
2018-01-10,'002380,科远股份,16.8,17.02,16.6,16.95,16.98,-0.18,-1.0601,0.4421,1061074,17754417.28,4031859703.2,4031859703.2
2018-01-09,'002380,科远股份,16.98,17.25,16.91,17.19,17.21,-0.23,-1.3364,0.3018,724400,12341869.91,4075058200.02,4075058200.02
2018-01-08,'002380,科远股份,17.21,17.28,16.9,17.18,17.12,0.09,0.5257,0.4022,965177,16446499.26,4130256279.29,4130256279.29
2018-01-05,'002380,科远股份,17.12,17.35,17.0,17.35,17.27,-0.15,-0.8686,0.3207,769700,13182639.0,4108657030.88,4108657030.88
2018-01-04,'002380,科远股份,17.27,17.47,17.22,17.39,17.39,-0.12,-0.6901,0.2656,637312,11020653.73,4144655778.23,4144655778.23
2018-01-03,'002380,科远股份,17.39,17.42,17.13,17.21,17.21,0.18,1.0459,0.3807,913535,15818890.44,4173454776.11,4173454776.11
2018-01-02,'002380,科远股份,17.21,17.39,17.1,17.28,17.25,-0.04,-0.2319,0.3137,752809,12959300.24,4130256279.29,4130256279.29
2017-12-29,'002380,科远股份,17.25,17.26,16.72,16.73,16.85,0.4,2.3739,0.56,1344000,22855539.0,4139855945.25,4139855945.25
2017-12-28,'002380,科远股份,16.85,16.89,16.51,16.6,16.71,0.14,0.8378,0.4634,1112088,18632258.64,4043859285.65,4043859285.65
2017-12-27,'002380,科远股份,16.71,16.73,16.17,16.35,16.36,0.35,2.1394,0.5596,1342991,22106173.14,4010260454.79,4010260454.79
2017-12-26,'002380,科远股份,16.36,16.39,15.99,15.99,16.0,0.36,2.25,0.3791,909800,14720845.22,3926263377.64,3926263377.64
2017-12-25,'002380,科远股份,16.0,16.48,15.91,16.35,16.34,-0.34,-2.0808,0.3938,945078,15171410.66,3839866384.0,3839866384.0
2017-12-22,'002380,科远股份,16.34,16.49,16.27,16.38,16.44,-0.1,-0.6083,0.2303,552775,9058057.0,3921463544.66,3921463544.66
2017-12-21,'002380,科远股份,16.44,16.73,16.2,16.73,16.76,-0.32,-1.9093,0.6817,1635938,26874522.29,3945462709.56,3945462709.56
2017-12-20,'002380,科远股份,16.76,17.15,16.73,17.15,17.1,-0.34,-1.9883,0.3461,830600,13986371.9,4022260037.24,4022260037.24
2017-12-19,'002380,科远股份,17.1,17.18,17.01,17.06,17.05,0.05,0.2933,0.282,676835,11566446.06,4103857197.9,4103857197.9
2017-12-18,'002380,科远股份,17.05,17.35,16.97,17.35,17.27,-0.22,-1.2739,0.3229,775000,13240481.0,4091857615.45,4091857615.45
2017-12-15,'002380,科远股份,17.27,17.46,17.06,17.12,17.12,0.15,0.8762,0.35,839866,14487886.41,4144655778.23,4144655778.23
2017-12-14,'002380,科远股份,17.12,17.25,17.07,17.21,17.2,-0.08,-0.4651,0.269,645500,11065791.0,4108657030.88,4108657030.88
2017-12-13,'002380,科远股份,17.2,17.26,17.07,17.22,17.19,0.01,0.0582,0.2954,709033,12184299.5,4127856362.8,4127856362.8
2017-12-12,'002380,科远股份,17.19,17.6,17.09,17.49,17.55,-0.36,-2.0513,0.4017,964157,16708584.56,4125456446.31,4125456446.31
2017-12-11,'002380,科远股份,17.55,17.61,17.23,17.35,17.29,0.26,1.5038,0.4936,1184533,20747080.96,4211853439.95,4211853439.95
2017-12-08,'002380,科远股份,17.29,17.32,16.98,17.07,17.05,0.24,1.4076,0.3849,923774,15891480.32,4149455611.21,4149455611.21
2017-12-07,'002380,科远股份,17.05,17.3,17.0,17.25,17.21,-0.16,-0.9297,0.3913,939100,16062035.0,4091857615.45,4091857615.45
2017-12-06,'002380,科远股份,17.21,17.3,16.72,16.72,16.88,0.33,1.955,0.4149,995671,16912387.45,4130256279.29,4130256279.29
2017-12-05,'002380,科远股份,16.88,17.58,16.82,17.25,17.18,-0.3,-1.7462,0.5647,1355113,23335275.97,4051059035.12,4051059035.12
2017-12-04,'002380,科远股份,17.18,17.54,17.12,17.41,17.5,-0.32,-1.8286,0.3299,791634,13738718.62,4123056529.82,4123056529.82
2017-12-01,'002380,科远股份,17.5,17.59,17.26,17.3,17.31,0.19,1.0976,0.2713,651000,11386835.73,4199853857.5,4199853857.5
2017-11-30,'002380,科远股份,17.31,17.55,17.22,17.26,17.29,0.02,0.1157,0.3459,830185,14426860.01,4154255444.19,4154255444.19
2017-11-29,'002380,科远股份,17.29,17.32,17.06,17.31,17.3,-0.01,-0.0578,0.2794,670469,11534009.9,4149455611.21,4149455611.21
2017-11-28,'002380,科远股份,17.3,17.31,16.89,16.92,16.92,0.38,2.2459,0.3182,763719,13120520.84,4151855527.7,4151855527.7
2017-11-27,'002380,科远股份,16.92,17.2,16.89,17.18,17.15,-0.23,-1.3411,0.2361,566504,9646172.37,4060658701.08,4060658701.08
2017-11-24,'002380,科远股份,17.15,17.15,16.73,16.9,16.91,0.24,1.4193,0.3519,844592,14325210.27,4115856780.35,4115856780.35
2017-11-23,'002380,科远股份,16.91,17.41,16.88,17.34,17.31,-0.4,-2.3108,0.3695,886806,15205618.68,4058258784.59,4058258784.59
2017-11-22,'002380,科远股份,17.31,17.47,17.16,17.23,17.22,0.09,0.5226,0.3327,798374,13836213.3,4154255444.19,4154255444.19
2017-11-21,'002380,科远股份,17.22,17.55,17.2,17.37,17.37,-0.15,-0.8636,0.3304,793040,13740134.86,4132656195.78,4132656195.78
2017-11-20,'002380,科远股份,17.37,17.38,16.6,17.28,17.28,0.09,0.5208,0.5472,1313128,22403431.3,4168654943.13,4168654943.13
2017-11-17,'002380,科远股份,17.28,18.18,17.2,18.01,18.21,-0.93,-5.1071,0.8708,2089819,36884057.45,4147055694.72,4147055694.72
2017-11-16,'002380,科远股份,18.21,18.42,18.07,18.12,18.12,0.09,0.4967,0.4584,1100018,20125057.56,4370247928.29,4370247928.29
2017-11-15,'002380,科远股份,18.12,18.28,17.97,18.11,18.12,0.0,0.0,0.3969,952503,17263768.12,4348648679.88,4348648679.88
2017-11-14,'002380,科远股份,18.12,18.55,18.05,18.5,18.45,-0.33,-1.7886,0.8033,1927911,35239819.13,4348648679.88,4348648679.88
2017-11-13,'002380,科远股份,18.45,18.8,18.35,18.45,18.46,-0.01,-0.0542,0.8234,1976069,36741286.75,4427845924.05,4427845924.05
2017-11-10,'002380,科远股份,18.46,18.57,18.25,18.25,18.11,0.35,1.9326,0.9872,2369304,43688378.3,4430245840.54,4430245840.54
2017-11-09,'002380,科远股份,18.11,18.15,17.92,18.1,18.13,-0.02,-0.1103,0.4751,1140148,20549652.07,4346248763.39,4346248763.39
2017-11-08,'002380,科远股份,18.13,18.3,17.73,17.73,17.8,0.33,1.8539,0.7849,1883686,33918074.64,4351048596.37,4351048596.37
2017-11-07,'002380,科远股份,17.8,17.81,17.58,17.76,17.76,0.04,0.2252,0.4635,1112360,19666713.44,4271851352.2,4271851352.2
2017-11-06,'002380,科远股份,17.76,17.79,17.32,17.5,17.51,0.25,1.4278,0.6302,1512335,26656058.38,4262251686.24,4262251686.24
2017-11-03,'002380,科远股份,17.51,17.71,17.23,17.64,17.66,-0.15,-0.8494,0.7573,1817344,31774310.96,4202253773.99,4202253773.99
2017-11-02,'002380,科远股份,17.66,18.08,17.56,18.06,18.07,-0.41,-2.269,0.7084,1700007,30106698.77,4238252521.34,4238252521.34
2017-11-01,'002380,科远股份,18.07,18.18,17.93,18.15,18.15,-0.08,-0.4408,0.5919,1420531,25664570.25,4336649097.43,4336649097.43
2017-10-31,'002380,科远股份,18.15,18.18,17.81,17.88,17.97,0.18,1.0017,0.5612,1346939,24286074.57,4355848429.35,4355848429.35
2017-10-30,'002380,科远股份,17.97,18.89,17.81,18.8,18.79,-0.82,-4.364,0.8375,2009951,36497881.47,4312649932.53,4312649932.53
2017-10-27,'002380,科远股份,18.79,19.1,18.75,18.96,18.96,-0.17,-0.8966,0.7193,1726257,32624689.57,4509443084.71,4509443084.71
2017-10-26,'002380,科远股份,18.96,19.2,18.88,19.2,19.2,-0.24,-1.25,0.7408,1777936,33783036.58,4550241665.04,4550241665.04
2017-10-25,'002380,科远股份,19.2,19.38,18.99,19.38,19.38,-0.18,-0.9288,0.769,1845574,35395373.98,4607839660.8,4607839660.8
2017-10-24,'002380,科远股份,19.38,19.5,19.2,19.34,19.3,0.08,0.4145,0.5774,1385601,26807534.29,4651038157.62,4651038157.62
2017-10-23,'002380,科远股份,19.3,19.38,19.05,19.05,19.2,0.1,0.5208,0.4885,1172404,22604164.82,4631838825.7,4631838825.7
2017-10-20,'002380,科远股份,19.2,19.23,18.71,18.85,18.86,0.34,1.8028,0.6868,1648333,31358106.0,4607839660.8,4607839660.8
2017-10-19,'002380,科远股份,18.86,19.55,18.83,19.53,19.55,-0.69,-3.5294,0.8695,2086651,39877407.37,4526242500.14,4526242500.14
2017-10-18,'002380,科远股份,19.55,20.09,19.5,20.0,20.0,-0.45,-2.25,0.709,1701600,33658977.0,4691836737.95,4691836737.95
2017-10-17,'002380,科远股份,20.0,20.2,19.9,19.99,20.15,-0.15,-0.7444,0.4571,1096900,21954700.0,4799832980.0,4799832980.0
2017-10-16,'002380,科远股份,20.15,20.62,19.77,20.62,20.62,-0.47,-2.2793,0.9238,2216930,44668620.81,4835831727.35,4835831727.35
2017-10-13,'002380,科远股份,20.62,20.71,20.31,20.71,20.66,-0.04,-0.1936,0.5792,1389974,28499066.04,4948627802.38,4948627802.38
2017-10-12,'002380,科远股份,20.66,20.79,20.46,20.62,20.61,0.05,0.2426,0.7125,1709874,35304826.34,4958227468.34,4958227468.34
2017-10-11,'002380,科远股份,20.61,20.73,20.44,20.58,20.58,0.03,0.1458,0.8489,2037313,41954069.53,4946227885.89,4946227885.89
2017-10-10,'002380,科远股份,20.58,20.6,20.28,20.28,20.37,0.21,1.0309,0.6516,1563792,31956468.76,4939028136.42,4939028136.42
2017-10-09,'002380,科远股份,20.37,20.57,20.09,20.1,20.09,0.28,1.3937,0.7944,1906433,38793375.57,4888629890.13,4888629890.13
2017-09-29,'002380,科远股份,20.09,20.14,19.81,19.85,19.81,0.28,1.4134,0.4205,1009123,20182718.51,4821432228.41,4821432228.41
2017-09-28,'002380,科远股份,19.81,20.23,19.8,19.98,19.96,-0.15,-0.7515,0.5749,1379618,27666312.62,4754234566.69,4754234566.69
2017-09-27,'002380,科远股份,19.96,20.08,19.65,19.74,19.74,0.22,1.1145,0.5515,1323531,26380237.25,4790233314.04,4790233314.04
2017-09-26,'002380,科远股份,19.74,19.76,19.53,19.63,19.63,0.11,0.5604,0.4869,1168515,22922735.58,4737435151.26,4737435151.26
2017-09-25,'002380,科远股份,19.63,19.96,19.56,19.87,19.86,-0.23,-1.1581,0.6188,1485029,29439760.73,4711036069.87,4711036069.87
2017-09-22,'002380,科远股份,19.86,20.2,19.55,20.2,20.17,-0.31,-1.5369,1.3658,3277686,65059036.9,4766234149.14,4766234149.14
2017-09-21,'002380,科远股份,20.17,21.09,20.16,20.84,20.87,-0.7,-3.3541,1.8258,4381782,90182797.6,4840631560.33,4840631560.33
2017-09-20,'002380,科远股份,20.87,21.05,20.71,20.9,20.96,-0.09,-0.4294,1.2234,2936108,61243567.04,5008625714.63,5008625714.63
2017-09-19,'002380,科远股份,20.96,21.54,20.91,21.45,21.44,-0.48,-2.2388,1.1041,2649704,56120424.06,5030224963.04,5030224963.04
2017-09-18,'002380,科远股份,21.44,21.44,21.11,21.3,21.29,0.15,0.7046,0.8426,2022278,42959939.46,5145420954.56,5145420954.56
2017-09-15,'002380,科远股份,21.29,21.48,21.13,21.36,21.44,-0.15,-0.6996,0.9146,2194915,46682396.55,5109422207.21,5109422207.21
2017-09-14,'002380,科远股份,21.44,21.82,21.31,21.6,21.6,-0.16,-0.7407,1.1565,2775481,59808303.9,5145420954.56,5145420954.56
2017-09-13,'002380,科远股份,21.6,21.63,21.01,21.3,21.34,0.26,1.2184,1.1797,2831087,60305031.81,5183819618.4,5183819618.4
2017-09-12,'002380,科远股份,21.34,21.68,21.26,21.53,21.44,-0.1,-0.4664,1.5981,3835399,82332127.14,5121421789.66,5121421789.66
2017-09-11,'002380,科远股份,21.44,21.48,21.2,21.46,21.44,0.0,0.0,1.4868,3568230,76202492.78,5145420954.56,5145420954.56
2017-09-08,'002380,科远股份,21.44,21.47,20.74,20.76,20.85,0.59,2.8297,2.5052,6012357,127690518.98,5145420954.56,5145420954.56
2017-09-07,'002380,科远股份,20.85,21.07,20.82,20.89,20.93,-0.08,-0.3822,1.2372,2969204,62121471.2,5003825881.65,5003825881.65
2017-09-06,'002380,科远股份,20.93,21.08,20.79,20.97,21.12,-0.19,-0.8996,1.17,2807809,58651891.45,5023025213.57,5023025213.57
2017-09-05,'002380,科远股份,21.12,21.54,21.04,21.3,21.37,-0.25,-1.1699,1.4577,3498262,74153064.73,5068623626.88,5068623626.88
2017-09-04,'002380,科远股份,21.37,21.39,20.71,20.99,20.93,0.44,2.1022,1.774,4257422,89793640.68,5128621539.13,5128621539.13
2017-09-01,'002380,科远股份,20.93,21.15,20.7,20.82,20.81,0.12,0.5766,1.0955,2629103,54963125.4,5023025213.57,5023025213.57
2017-08-31,'002380,科远股份,20.81,20.84,20.51,20.77,20.84,-0.03,-0.144,1.1552,2772478,57266908.23,4994226215.69,4994226215.69
2017-08-30,'002380,科远股份,20.84,21.21,20.75,21.18,21.1,-0.26,-1.2322,1.1166,2679676,55975516.44,5001425965.16,5001425965.16
2017-08-29,'002380,科远股份,21.1,21.25,20.67,20.88,20.8,0.3,1.4423,1.674,4017365,84397722.64,5063823793.9,5063823793.9
2017-08-28,'002380,科远股份,20.8,21.18,20.69,20.78,20.7,0.1,0.4831,1.6546,3970903,82965126.13,4991826299.2,4991826299.2
2017-08-25,'002380,科远股份,20.7,20.8,20.23,20.43,20.42,0.28,1.3712,1.2481,2995310,61731801.23,4967827134.3,4967827134.3
2017-08-24,'002380,科远股份,20.42,20.49,20.1,20.3,20.3,0.12,0.5911,1.0822,2597073,52783989.57,4900629472.58,4900629472.58
2017-08-23,'002380,科远股份,20.3,20.79,20.27,20.64,20.79,-0.49,-2.3569,1.4613,3507071,71899768.72,4871830474.7,4871830474.7
2017-08-22,'002380,科远股份,20.79,21.5,20.7,20.99,20.94,-0.15,-0.7163,2.188,5250915,110990806.4,4989426382.71,4989426382.71
2017-08-21,'002380,科远股份,20.94,21.05,20.68,20.79,20.77,0.17,0.8185,1.0704,2568774,53488074.63,5025425130.06,5025425130.06
2017-08-18,'002380,科远股份,20.77,21.34,20.77,21.0,21.29,-0.52,-2.4425,2.0258,4861650,102063923.04,4984626549.73,4984626549.73
2017-08-17,'002380,科远股份,21.29,21.29,20.24,20.35,20.35,0.94,4.6192,2.9117,6987856,145511491.92,5109422207.21,5109422207.21
2017-08-16,'002380,科远股份,20.35,20.46,19.9,20.11,20.1,0.25,1.2438,1.2782,3067462,61977344.5,4883830057.15,4883830057.15
2017-08-15,'002380,科远股份,20.1,20.35,19.92,20.28,20.28,-0.18,-0.8876,1.0133,2431750,48942141.8,4823832144.9,4823832144.9
2017-08-14,'002380,科远股份,20.28,20.3,19.62,19.71,19.77,0.51,2.5797,1.1382,2731621,54752670.09,4867030641.72,4867030641.72
2017-08-11,'002380,科远股份,19.77,20.06,19.54,19.82,19.81,-0.04,-0.2019,1.1474,2753666,54357106.74,4744634900.73,4744634900.73
2017-08-10,'002380,科远股份,19.81,20.2,19.61,20.2,20.21,-0.4,-1.9792,1.3731,3295409,65502972.76,4754234566.69,4754234566.69
2017-08-09,'002380,科远股份,20.21,20.7,20.17,20.51,20.53,-0.32,-1.5587,1.3036,3128457,63851038.96,4850231226.29,4850231226.29
2017-08-08,'002380,科远股份,20.53,20.57,20.02,20.2,20.23,0.3,1.4829,1.5192,3645925,74052071.67,4927028553.97,4927028553.97
2017-08-07,'002380,科远股份,20.23,20.45,19.88,20.18,20.32,-0.09,-0.4429,1.1981,2875407,57894901.85,4855031059.27,4855031059.27
2017-08-04,'002380,科远股份,20.32,20.67,20.15,20.41,20.4,-0.08,-0.3922,1.7056,4093212,83510847.35,4876630307.68,4876630307.68
2017-08-03,'002380,科远股份,20.4,20.73,20.15,20.33,20.41,-0.01,-0.049,1.6501,3960064,81104645.76,4895829639.6,4895829639.6
2017-08-02,'002380,科远股份,20.41,20.95,20.12,20.95,20.77,-0.36,-1.7333,3.1593,7582148,155943136.7,4898229556.09,4898229556.09
2017-08-01,'002380,科远股份,20.77,20.77,19.66,19.97,19.95,0.82,4.1103,3.3661,8078477,162435817.94,4984626549.73,4984626549.73
2017-07-31,'002380,科远股份,19.95,20.2,18.77,18.9,18.86,1.09,5.7794,2.7374,6569576,128547715.79,4787833397.55,4787833397.55
2017-07-28,'002380,科远股份,18.86,19.63,18.65,19.46,19.5,-0.64,-3.2821,2.0626,4949964,94906361.7,4526242500.14,4526242500.14
2017-07-27,'002380,科远股份,19.5,19.64,18.8,19.06,19.02,0.48,2.5237,1.4555,3493054,67345531.99,4679837155.5,4679837155.5
2017-07-26,'002380,科远股份,19.02,19.08,18.62,18.92,18.9,0.12,0.6349,1.1265,2703548,50967403.24,4564641163.98,4564641163.98
2017-07-25,'002380,科远股份,18.9,19.78,18.9,19.73,19.69,-0.79,-4.0122,1.8304,4392712,84752968.76,4535842166.1,4535842166.1
2017-07-24,'002380,科远股份,19.69,19.81,19.42,19.68,19.86,-0.17,-0.856,1.2789,3069313,60290650.5,4725435568.81,4725435568.81
2017-07-21,'002380,科远股份,19.86,20.36,19.67,20.25,19.95,-0.09,-0.4511,1.617,3880775,77483779.09,4766234149.14,4766234149.14
2017-07-20,'002380,科远股份,19.95,20.05,19.8,20.05,20.25,-0.3,-1.4815,2.0915,5019340,99886042.68,4787833397.55,4787833397.55
2017-07-19,'002380,科远股份,20.25,20.35,19.4,19.55,19.81,0.44,2.2211,2.9281,7027140,140362697.08,4859830892.25,4859830892.25
2017-07-18,'002380,科远股份,19.81,19.97,18.05,18.44,18.54,1.27,6.8501,1.8943,4546226,87655075.91,4754234566.69,4754234566.69
2017-07-17,'002380,科远股份,18.54,19.0,17.45,18.96,19.12,-0.58,-3.0335,1.4234,3416093,61968895.34,4449445172.46,4449445172.46
2017-07-14,'002380,科远股份,19.12,19.35,18.95,19.28,19.28,-0.16,-0.8299,0.7784,1867983,35610884.23,4588640328.88,4588640328.88
2017-07-13,'002380,科远股份,19.28,19.37,18.4,18.54,18.56,0.72,3.8793,1.4047,3371218,64283663.12,4627038992.72,4627038992.72
2017-07-12,'002380,科远股份,18.56,18.78,18.2,18.51,18.51,0.05,0.2701,0.546,1310417,24185065.93,4454245005.44,4454245005.44
2017-07-11,'002380,科远股份,18.51,18.7,18.45,18.45,18.54,-0.03,-0.1618,0.5846,1402950,26099586.63,4442245422.99,4442245422.99
2017-07-10,'002380,科远股份,18.54,18.88,18.5,18.88,18.98,-0.44,-2.3182,0.7031,1687489,31439099.89,4449445172.46,4449445172.46
2017-07-07,'002380,科远股份,18.98,19.0,18.66,18.88,18.87,0.11,0.5829,0.6896,1654876,31100149.11,4555041498.02,4555041498.02
2017-07-06,'002380,科远股份,18.87,19.1,18.72,19.1,19.0,-0.13,-0.6842,0.5084,1220231,23060802.78,4528642416.63,4528642416.63
2017-07-05,'002380,科远股份,19.0,19.05,18.64,18.64,18.79,0.21,1.1176,0.7085,1700266,32045919.68,4559841331.0,4559841331.0
2017-07-04,'002380,科远股份,18.79,18.85,18.61,18.74,18.73,0.06,0.3203,0.7633,1831754,34315741.64,4509443084.71,4509443084.71
2017-07-03,'002380,科远股份,18.73,18.73,18.4,18.6,18.45,0.28,1.5176,0.781,1874338,34839929.54,4495043585.77,4495043585.77
2017-06-30,'002380,科远股份,18.45,18.47,18.11,18.17,18.21,0.24,1.318,0.8591,2061838,37829271.05,4427845924.05,4427845924.05
2017-06-29,'002380,科远股份,18.21,18.35,17.82,17.98,17.85,0.36,2.0168,0.9057,2173594,39528165.59,4370247928.29,4370247928.29
2017-06-28,'002380,科远股份,17.85,18.31,17.75,18.31,18.3,-0.45,-2.459,0.5298,1271549,22816318.61,4283850934.65,4283850934.65
2017-06-27,'002380,科远股份,18.3,18.38,18.07,18.19,18.2,0.1,0.5495,0.5451,1308172,23869782.28,4391847176.7,4391847176.7
2017-06-26,'002380,科远股份,18.2,18.26,17.68,17.83,17.84,0.36,2.0179,0.5821,1396990,25257841.51,4367848011.8,4367848011.8
2017-06-23,'002380,科远股份,17.84,17.96,17.38,17.8,17.84,0.0,0.0,0.5311,1274638,22553268.11,4281451018.16,4281451018.16
2017-06-22,'002380,科远股份,17.84,18.54,17.83,18.33,18.36,-0.52,-2.8322,0.6373,1529462,27903386.6,4281451018.16,4281451018.16
2017-06-21,'002380,科远股份,18.36,18.39,18.0,18.38,18.31,0.05,0.2731,0.8218,1972145,35918297.7,4406246675.64,4406246675.64
2017-06-20,'002380,科远股份,18.31,18.85,18.16,18.41,18.32,-0.01,-0.0546,0.8776,2106089,38982516.82,4394247093.19,4394247093.19
2017-06-19,'002380,科远股份,18.32,18.38,18.02,18.15,18.15,0.17,0.9366,0.5527,1326486,24216396.15,4396647009.68,4396647009.68
2017-06-16,'002380,科远股份,18.15,18.44,18.04,18.34,18.34,-0.19,-1.036,0.7093,1702191,30930772.54,4355848429.35,4355848429.35
2017-06-15,'002380,科远股份,18.34,18.38,17.8,17.85,17.89,0.45,2.5154,1.0674,2561728,46428152.56,4401446842.66,4401446842.66
2017-06-14,'002380,科远股份,17.89,17.95,17.36,17.5,17.39,0.5,2.8752,1.0562,2534732,44940728.54,4293450600.61,4293450600.61
2017-06-13,'002380,科远股份,17.39,17.5,17.12,17.12,17.21,0.18,1.0459,0.6788,1629057,28323129.95,4173454776.11,4173454776.11
2017-06-12,'002380,科远股份,17.21,17.48,17.2,17.47,17.51,-0.3,-1.7133,0.6526,1566247,27148727.95,4130256279.29,4130256279.29
2017-06-09,'002380,科远股份,17.51,17.76,15.98,17.75,17.75,-0.24,-1.3521,0.9781,2347429,40825933.62,4202253773.99,4202253773.99
2017-06-08,'002380,科远股份,17.85,18.05,17.79,17.93,17.84,0.01,0.0561,0.6779,1626794,29141751.25,4283850934.65,4283850934.65
2017-06-07,'002380,科远股份,17.84,17.95,17.41,17.41,17.48,0.36,2.0595,0.9585,2300234,40921121.96,4281451018.16,4281451018.16
2017-06-06,'002380,科远股份,17.48,17.56,17.18,17.2,17.28,0.2,1.1574,0.7192,1726017,30056639.29,4195054024.52,4195054024.52
2017-06-05,'002380,科远股份,17.28,17.43,17.11,17.2,17.13,0.15,0.8757,0.5968,1432276,24766074.63,4147055694.72,4147055694.72
2017-06-02,'002380,科远股份,17.13,17.2,16.5,16.76,16.75,0.38,2.2687,0.8261,1982577,33439609.68,4111056947.37,4111056947.37
2017-06-01,'002380,科远股份,16.75,17.18,16.71,17.11,17.2,-0.45,-2.6163,0.6126,1470280,24850321.85,4019860120.75,4019860120.75
2017-05-31,'002380,科远股份,17.2,17.76,17.13,17.45,17.28,-0.08,-0.463,0.759,1821438,31728129.3,4127856362.8,4127856362.8
2017-05-26,'002380,科远股份,17.28,17.46,17.21,17.39,17.35,-0.07,-0.4035,0.6275,1506023,26097931.58,4147055694.72,4147055694.72
2017-05-25,'002380,科远股份,17.35,17.48,16.7,17.05,17.05,0.3,1.7595,0.8804,2112904,36015878.64,4163855110.15,4163855110.15
2017-05-24,'002380,科远股份,17.05,17.19,16.61,17.0,17.05,0.0,0.0,1.0099,2423692,41020813.16,4091857615.45,4091857615.45
2017-05-23,'002380,科远股份,17.05,18.38,16.97,18.25,18.19,-1.14,-6.2672,1.3934,3344147,58720013.04,4091857615.45,4091857615.45
2017-05-22,'002380,科远股份,18.19,19.35,18.05,19.3,19.34,-1.15,-5.9462,0.9839,2361216,44172402.43,4365448095.31,4365448095.31
2017-05-19,'002380,科远股份,19.34,19.41,19.19,19.36,19.3,0.04,0.2073,0.389,933505,18015659.31,4641438491.66,4641438491.66
2017-05-18,'002380,科远股份,19.3,19.46,19.11,19.28,19.33,-0.03,-0.1552,0.5342,1282062,24717579.42,4631838825.7,4631838825.7
2017-05-17,'002380,科远股份,19.33,19.59,19.11,19.2,19.23,0.1,0.52,0.9124,2189726,42390084.96,4639038575.17,4639038575.17
2017-05-16,'002380,科远股份,19.23,19.3,18.4,18.99,18.99,0.24,1.2638,0.8472,2033166,38254265.63,4615039410.27,4615039410.27
2017-05-15,'002380,科远股份,18.99,19.17,18.8,18.95,18.88,0.11,0.5826,0.4775,1145967,21823350.31,4557441414.51,4557441414.51
2017-05-12,'002380,科远股份,18.88,19.01,18.54,19.01,18.96,-0.08,-0.4219,0.5717,1372030,25727427.53,4531042333.12,4531042333.12
2017-05-11,'002380,科远股份,18.96,19.57,18.55,19.46,19.6,-0.64,-3.2653,0.9354,2244822,42410825.82,4550241665.04,4550241665.04
2017-05-10,'002380,科远股份,19.6,20.07,19.6,19.97,19.97,-0.37,-1.8528,0.621,1490329,29651306.43,4703836320.4,4703836320.4
2017-05-09,'002380,科远股份,19.97,19.97,19.5,19.64,19.78,0.19,0.9606,0.6139,1473397,29061125.11,4792633230.53,4792633230.53
2017-05-08,'002380,科远股份,19.78,19.92,19.6,19.86,19.84,-0.06,-0.3024,0.6749,1619594,31985634.76,4747034817.22,4747034817.22
2017-05-05,'002380,科远股份,19.84,20.05,19.62,19.73,19.85,-0.01,-0.0504,0.6614,1587376,31528602.42,4761434316.16,4761434316.16
2017-05-04,'002380,科远股份,19.85,19.9,19.56,19.75,19.73,0.12,0.6082,0.8068,1936160,38335516.49,4763834232.65,4763834232.65
2017-05-03,'002380,科远股份,19.73,20.09,19.53,20.0,19.97,-0.24,-1.2018,0.9195,2206736,43551186.84,4735035234.77,4735035234.77
2017-05-02,'002380,科远股份,19.97,20.4,19.81,20.3,20.26,-0.29,-1.4314,0.9261,2222601,44507093.82,4792633230.53,4792633230.53
2017-04-28,'002380,科远股份,20.26,20.59,20.04,20.13,20.12,0.14,0.6958,1.2564,3015319,61314495.0,4862230808.74,4862230808.74
2017-04-27,'002380,科远股份,20.12,20.12,19.36,19.74,19.74,0.38,1.925,1.077,2584764,51088418.52,4828631977.88,4828631977.88
2017-04-26,'002380,科远股份,19.74,19.85,19.45,19.58,19.6,0.14,0.7143,0.832,1996782,39244597.59,4737435151.26,4737435151.26
2017-04-25,'002380,科远股份,19.6,19.85,19.5,19.54,19.54,0.06,0.3071,0.8417,2020118,39709262.61,4703836320.4,4703836320.4
2017-04-24,'002380,科远股份,19.54,19.97,19.42,19.9,19.92,-0.38,-1.9076,1.2476,2994072,59059804.26,4689436821.46,4689436821.46
2017-04-21,'002380,科远股份,19.92,20.1,19.62,19.9,19.95,-0.03,-0.1504,1.4762,3542819,70406657.02,4780633648.08,4780633648.08
2017-04-20,'002380,科远股份,19.95,20.46,19.4,20.35,20.35,-0.4,-1.9656,2.7504,6600635,130119888.92,4787833397.55,4787833397.55
2017-04-19,'002380,科远股份,20.35,22.47,20.23,22.47,22.48,-2.13,-9.4751,2.795,6707775,138672983.47,4883830057.15,4883830057.15
2017-04-18,'002380,科远股份,22.48,23.23,22.36,22.8,22.79,-0.31,-1.3602,0.7087,1445771,32987587.96,5395012269.52,4585920000.0
2017-04-17,'002380,科远股份,22.79,23.7,22.65,23.7,23.71,-0.92,-3.8802,0.7902,1611906,37222346.56,5469409680.71,4649160000.0
2017-04-14,'002380,科远股份,23.71,24.43,23.61,24.43,24.43,-0.72,-2.9472,0.8075,1647401,39368175.39,5690201997.79,4836840000.0
2017-04-13,'002380,科远股份,24.43,24.74,24.36,24.53,24.51,-0.08,-0.3264,0.4304,878040,21557193.73,5862995985.07,4983720000.0
2017-04-12,'002380,科远股份,24.51,25.04,24.49,24.98,24.98,-0.47,-1.8815,0.6302,1285695,31777642.51,5882195316.99,5000040000.0
2017-04-11,'002380,科远股份,24.98,25.16,24.63,24.92,24.94,0.04,0.1604,0.4891,997696,24787452.52,5994991392.02,5095920000.0
2017-04-10,'002380,科远股份,24.94,25.3,24.85,25.3,25.3,-0.36,-1.4229,0.5172,1055161,26408859.36,5985391726.06,5087760000.0
2017-04-07,'002380,科远股份,25.3,25.63,25.2,25.34,25.45,-0.15,-0.5894,0.3869,789278,19989209.37,6071788719.7,5161200000.0
2017-04-06,'002380,科远股份,25.45,25.88,25.15,25.15,25.16,0.29,1.1526,0.7701,1571043,40253400.35,6107787467.05,5191800000.0
2017-04-05,'002380,科远股份,25.16,25.18,24.8,24.8,24.83,0.33,1.329,0.5524,1126893,28221330.53,6038189888.84,5132640000.0
2017-03-31,'002380,科远股份,24.83,25.2,24.56,24.86,24.87,-0.04,-0.1608,0.4428,903371,22510344.48,5958992644.67,5065320000.0
2017-03-30,'002380,科远股份,24.87,26.13,24.63,26.13,26.06,-1.19,-4.5664,0.9714,1981685,49981089.51,5968592310.63,5073480000.0
2017-03-29,'002380,科远股份,26.06,26.31,25.88,26.15,26.05,0.01,0.0384,0.4914,1002468,26165487.4,6254182372.94,5316240000.0
2017-03-28,'002380,科远股份,26.05,26.33,26.0,26.2,26.2,-0.15,-0.5725,0.3226,658178,17209079.85,6251782456.45,5314200000.0
2017-03-27,'002380,科远股份,26.2,26.49,26.0,26.32,26.32,-0.12,-0.4559,0.4773,973720,25588187.35,6287781203.8,5344800000.0
2017-03-24,'002380,科远股份,26.32,26.83,26.28,26.7,26.78,-0.46,-1.7177,0.8398,1713257,45382502.03,6316580201.68,5369280000.0
2017-03-23,'002380,科远股份,26.78,27.09,26.61,26.82,26.81,-0.03,-0.1119,0.6496,1325249,35528825.44,6426976360.22,5463120000.0
2017-03-22,'002380,科远股份,26.81,27.1,26.62,26.65,26.79,0.02,0.0747,0.6823,1391972,37426256.58,6434176109.69,5469240000.0
2017-03-21,'002380,科远股份,26.79,26.92,26.69,26.86,26.87,-0.08,-0.2977,0.4411,899750,24115326.28,6429376276.71,5465160000.0
2017-03-20,'002380,科远股份,26.87,26.95,26.42,26.67,26.66,0.21,0.7877,0.7273,1483777,39586632.94,6448575608.63,5481480000.0
2017-03-17,'002380,科远股份,26.66,27.18,26.64,27.15,27.07,-0.41,-1.5146,0.895,1825698,49125209.88,6398177362.34,5438640000.0
2017-03-16,'002380,科远股份,27.07,27.18,26.93,26.96,26.95,0.12,0.4453,0.6168,1258247,34015490.42,6496573938.43,5522280000.0
2017-03-15,'002380,科远股份,26.95,27.18,26.8,27.07,27.19,-0.24,-0.8827,0.5151,1050729,28280433.4,6467774940.55,5497800000.0
2017-03-14,'002380,科远股份,27.19,27.4,27.0,27.03,27.12,0.07,0.2581,0.5452,1112234,30266185.0,6525372936.31,5546760000.0
2017-03-13,'002380,科远股份,27.12,27.12,26.73,27.0,26.89,0.23,0.8553,0.484,987451,26652700.51,6508573520.88,5532480000.0
2017-03-10,'002380,科远股份,26.89,27.01,26.72,26.75,26.88,0.01,0.0372,0.3499,713791,19194170.94,6453375441.61,5485560000.0
2017-03-09,'002380,科远股份,26.88,27.28,26.85,27.02,27.03,-0.15,-0.5549,0.6074,1239004,33408706.48,6450975525.12,5483520000.0
2017-03-08,'002380,科远股份,27.03,27.41,26.96,27.41,27.41,-0.38,-1.3864,0.5548,1131789,30657680.37,6486974272.47,5514120000.0
2017-03-07,'002380,科远股份,27.41,27.49,26.8,26.88,26.93,0.48,1.7824,0.9552,1948586,52906228.02,6578171099.09,5591640000.0
2017-03-06,'002380,科远股份,26.93,27.3,26.51,26.52,26.52,0.41,1.546,0.6216,1268146,34145603.9,6462975107.57,5493720000.0
2017-03-03,'002380,科远股份,26.52,26.67,26.32,26.45,26.45,0.07,0.2647,0.3847,784874,20777551.77,6364578531.48,5410080000.0
2017-03-02,'002380,科远股份,26.45,26.68,26.31,26.55,26.58,-0.13,-0.4891,0.4328,882913,23389642.82,6347779116.05,5395800000.0
2017-03-01,'002380,科远股份,26.58,26.89,26.5,26.89,26.94,-0.36,-1.3363,0.7481,1526146,40660073.06,6378978030.42,5422320000.0
2017-02-28,'002380,科远股份,26.94,27.25,26.72,26.87,26.87,0.07,0.2605,0.4729,964620,26010669.44,6465375024.06,5495760000.0
2017-02-27,'002380,科远股份,26.87,27.12,26.66,26.95,26.89,-0.02,-0.0744,0.3986,813149,21815208.25,6448575608.63,5481480000.0
2017-02-24,'002380,科远股份,26.89,27.19,26.53,26.95,26.59,0.3,1.1282,0.7187,1466161,39461481.6,6453375441.61,5485560000.0
2017-02-23,'002380,科远股份,26.59,26.87,26.36,26.87,26.51,0.08,0.3018,0.4737,966305,25669927.71,6381377946.91,5424360000.0
2017-02-22,'002380,科远股份,26.51,26.79,26.34,26.5,26.5,0.01,0.0377,0.3918,799188,21218996.7,6362178614.99,5408040000.0
2017-02-21,'002380,科远股份,26.5,26.67,26.22,26.45,26.45,0.05,0.189,0.7317,1492608,39491851.95,6359778698.5,5406000000.0
2017-02-20,'002380,科远股份,26.45,26.66,25.57,25.69,25.59,0.86,3.3607,0.9543,1946850,51020074.66,6347779116.05,5395800000.0
2017-02-17,'002380,科远股份,25.59,25.88,25.5,25.74,25.73,-0.14,-0.5441,0.3786,772276,19825709.23,6141386297.91,5220360000.0
2017-02-16,'002380,科远股份,25.73,25.9,25.58,25.9,25.72,0.01,0.0389,0.4074,831129,21339398.26,6174985128.77,5248920000.0
2017-02-15,'002380,科远股份,25.72,26.16,25.65,26.1,26.1,-0.38,-1.4559,0.4802,979600,25373246.45,6172585212.28,5246880000.0
2017-02-14,'002380,科远股份,26.1,26.36,25.91,26.11,26.24,-0.14,-0.5335,0.3005,612943,15989750.71,6263782038.9,5324400000.0
2017-02-13,'002380,科远股份,26.24,26.38,25.9,26.05,26.03,0.21,0.8068,0.4007,817392,21423072.49,6297380869.76,5352960000.0
2017-02-10,'002380,科远股份,26.03,26.44,25.81,26.18,26.18,-0.15,-0.573,0.5183,1057334,27660213.54,6246982623.47,5310120000.0
2017-02-09,'002380,科远股份,26.18,26.78,25.73,26.03,26.03,0.15,0.5763,0.4868,993109,26078728.54,6282981370.82,5340720000.0
2017-02-08,'002380,科远股份,26.03,26.15,25.5,25.7,25.9,0.13,0.5019,0.4809,981128,25317662.52,6246982623.47,5310120000.0
2017-02-07,'002380,科远股份,25.9,26.27,25.72,26.0,26.03,-0.13,-0.4994,0.4777,974409,25241752.35,6215783709.1,5283600000.0
2017-02-06,'002380,科远股份,26.03,26.12,25.4,25.45,25.46,0.57,2.2388,0.4995,1018983,26360926.24,6246982623.47,5310120000.0
2017-02-03,'002380,科远股份,25.46,26.0,25.38,25.95,25.6,-0.14,-0.5469,0.2857,582924,14867521.82,6110187383.54,5193840000.0
2017-01-26,'002380,科远股份,25.6,25.68,25.36,25.36,25.36,0.24,0.9464,0.3103,632937,16180157.56,6143786214.4,5222400000.0
2017-01-25,'002380,科远股份,25.36,25.53,25.05,25.17,25.17,0.19,0.7549,0.3277,668460,16978721.8,6086188218.64,5173440000.0
2017-01-24,'002380,科远股份,25.17,25.53,25.05,25.3,25.45,-0.28,-1.1002,0.3597,733724,18505794.36,6040589805.33,5134680000.0
2017-01-23,'002380,科远股份,25.45,25.6,25.12,25.23,25.22,0.23,0.912,0.485,989319,25117076.68,6107787467.05,5191800000.0
2017-01-20,'002380,科远股份,25.22,25.7,24.62,24.73,24.73,0.49,1.9814,0.4856,990702,24941695.56,6052589387.78,5144880000.0
2017-01-19,'002380,科远股份,24.73,24.85,24.59,24.61,24.73,0.0,0.0,0.2949,601619,14865856.95,5934993479.77,5044920000.0
2017-01-18,'002380,科远股份,24.73,25.25,24.55,25.18,25.18,-0.45,-1.7871,0.6513,1328663,33041222.52,5934993479.77,5044920000.0
2017-01-17,'002380,科远股份,25.18,25.45,24.13,24.95,24.95,0.23,0.9218,0.8762,1787350,44422790.33,6042989721.82,5136720000.0
2017-01-16,'002380,科远股份,24.95,26.86,24.26,26.86,26.96,-2.01,-7.4555,1.0998,2243650,57143446.72,5987791642.55,5089800000.0
2017-01-13,'002380,科远股份,26.96,27.95,26.88,27.95,27.95,-0.99,-3.542,0.7522,1534553,41949344.98,6470174857.04,5499840000.0
2017-01-12,'002380,科远股份,27.95,28.89,27.8,28.88,28.88,-0.93,-3.2202,1.0629,2168314,61553900.18,6707766589.55,5701800000.0
2017-01-11,'002380,科远股份,28.88,29.19,28.8,28.97,29.1,-0.22,-0.756,0.5615,1145543,33102456.46,6930958823.12,5891520000.0
2017-01-10,'002380,科远股份,29.1,29.4,29.0,29.32,29.42,-0.32,-1.0877,0.8037,1639588,47780397.04,6983756985.9,5936400000.0
2017-01-09,'002380,科远股份,29.42,29.73,29.11,29.71,30.22,-0.8,-2.6473,1.0741,2191180,64445782.38,7060554313.58,6001680000.0
2017-01-06,'002380,科远股份,30.22,31.5,28.89,29.3,29.28,0.94,3.2104,2.1256,4336195,131070797.75,7252547632.78,6164880000.0
2017-01-05,'002380,科远股份,29.28,29.9,29.18,29.18,29.24,0.04,0.1368,0.6223,1269508,37456276.49,7026955482.72,5973120000.0
2017-01-04,'002380,科远股份,29.24,29.32,28.91,29.15,28.99,0.25,0.8624,0.3542,722604,21114933.07,7017355816.76,5964960000.0
2017-01-03,'002380,科远股份,28.99,29.1,28.6,28.6,28.77,0.22,0.7647,0.4453,908509,26355501.51,6957357904.51,5913960000.0
2016-12-30,'002380,科远股份,28.77,28.99,28.71,28.83,28.83,-0.06,-0.2081,0.2985,609008,17555322.93,6904559741.73,5869080000.0
2016-12-29,'002380,科远股份,28.83,29.07,28.8,28.81,28.91,-0.08,-0.2767,0.2583,527000,15240050.2,6918959240.67,5881320000.0
2016-12-28,'002380,科远股份,28.91,29.15,28.81,28.98,28.98,-0.07,-0.2415,0.2881,587814,17014438.31,6938158572.59,5897640000.0
2016-12-27,'002380,科远股份,28.98,29.27,28.95,29.0,29.11,-0.13,-0.4466,0.2776,566365,16463750.63,6954957988.02,5911920000.0
2016-12-26,'002380,科远股份,29.11,29.25,28.6,28.79,29.07,0.04,0.1376,0.3705,755729,21838702.54,6986156902.39,5938440000.0
2016-12-23,'002380,科远股份,29.07,29.53,29.0,29.53,29.42,-0.35,-1.1897,0.4579,934142,27194968.22,6976557236.43,5930280000.0
2016-12-22,'002380,科远股份,29.42,30.0,29.18,29.81,29.82,-0.4,-1.3414,0.6135,1251485,36883184.3,7060554313.58,6001680000.0
2016-12-21,'002380,科远股份,29.82,29.94,28.51,29.54,29.53,0.29,0.9821,0.6804,1387989,40891158.49,7156550973.18,6083280000.0
2016-12-20,'002380,科远股份,29.53,30.76,28.9,28.91,28.95,0.58,2.0035,0.7782,1587580,47017401.19,7086953394.97,6024120000.0
2016-12-19,'002380,科远股份,28.95,29.55,28.85,29.55,29.61,-0.66,-2.229,0.7283,1485780,43213387.07,6947758238.55,5905800000.0
2016-12-16,'002380,科远股份,29.61,29.69,29.2,29.28,29.41,0.2,0.68,0.3618,738112,21813106.68,7106152726.89,6040440000.0
2016-12-15,'002380,科远股份,29.41,29.59,28.75,28.75,29.11,0.3,1.0306,0.3926,800916,23438188.53,7058154397.09,5999640000.0
2016-12-14,'002380,科远股份,29.11,29.87,29.04,29.75,29.75,-0.64,-2.1513,0.5202,1061289,31101349.56,6986156902.39,5938440000.0
2016-12-13,'002380,科远股份,29.75,29.96,29.01,29.6,29.6,0.15,0.5068,0.5917,1207113,35705209.82,7139751557.75,6069000000.0
2016-12-12,'002380,科远股份,29.6,30.87,29.58,30.5,30.85,-1.25,-4.0519,1.2017,2451453,73829772.89,7103752810.4,6038400000.0
2016-12-09,'002380,科远股份,30.85,31.14,30.8,31.04,31.11,-0.26,-0.8357,0.6215,1267791,39185722.22,7403742371.65,6293400000.0
2016-12-08,'002380,科远股份,31.11,31.45,31.0,31.4,31.44,-0.33,-1.0496,0.5922,1208185,37662228.02,7466140200.39,6346440000.0
2016-12-07,'002380,科远股份,31.44,31.49,30.99,30.99,31.19,0.25,0.8015,0.4798,978852,30657162.93,7545337444.56,6413760000.0
2016-12-06,'002380,科远股份,31.19,31.48,31.08,31.35,31.19,0.0,0.0,0.3766,768311,23990429.72,7485339532.31,6362760000.0
2016-12-05,'002380,科远股份,31.19,31.5,30.77,30.81,31.12,0.07,0.2249,0.5588,1139942,35611619.24,7485339532.31,6362760000.0
2016-12-02,'002380,科远股份,31.12,31.94,31.1,31.9,31.95,-0.83,-2.5978,1.3265,2705998,85067009.49,7468540116.88,6348480000.0
2016-12-01,'002380,科远股份,31.95,32.49,31.81,32.44,32.12,-0.17,-0.5293,1.1681,2382856,76472424.63,7667733185.55,6517800000.0
2016-11-30,'002380,科远股份,32.12,32.44,31.89,32.28,32.28,-0.16,-0.4957,0.9087,1853687,59425024.82,7708531765.88,6552480000.0
2016-11-29,'002380,科远股份,32.28,32.7,32.21,32.4,32.3,-0.02,-0.0619,0.8874,1810207,58686505.06,7746930429.72,6585120000.0
2016-11-28,'002380,科远股份,32.3,32.86,32.13,32.56,32.54,-0.24,-0.7376,0.7121,1452748,47038726.39,7751730262.7,6589200000.0
2016-11-25,'002380,科远股份,32.54,32.55,31.73,32.41,32.26,0.28,0.8679,1.0631,2168812,69899021.31,7809328258.46,6638160000.0
2016-11-24,'002380,科远股份,32.26,32.54,32.04,32.04,32.29,-0.03,-0.0929,1.1562,2358721,76234246.15,7742130596.74,6581040000.0
2016-11-23,'002380,科远股份,32.29,32.83,32.23,32.7,32.8,-0.51,-1.5549,1.3987,2853257,92728780.99,7749330346.21,6587160000.0
2016-11-22,'002380,科远股份,32.8,33.13,32.35,32.9,33.22,-0.42,-1.2643,2.4008,4897647,159934798.1,7871726087.2,6691200000.0
2016-11-21,'002380,科远股份,33.22,33.48,32.07,32.8,32.72,0.5,1.5281,3.2352,6599728,218502327.3,7972522579.78,6776880000.0
2016-11-18,'002380,科远股份,32.72,33.05,31.8,31.8,31.68,1.04,3.2828,3.1419,6409427,209352395.22,7852526755.28,6674880000.0
2016-11-17,'002380,科远股份,31.68,32.39,31.36,32.25,32.46,-0.78,-2.403,2.2356,4560659,144809033.61,7602935440.32,6462720000.0
2016-11-16,'002380,科远股份,32.46,32.98,32.41,32.85,33.3,-0.84,-2.5225,2.1191,4323010,141003739.51,7790128926.54,6621840000.0
2016-11-15,'002380,科远股份,33.3,33.38,32.9,33.1,33.09,0.21,0.6346,1.6315,3328240,110369628.49,7991721911.7,6793200000.0
2016-11-14,'002380,科远股份,33.09,33.5,32.75,33.0,32.73,0.36,1.0999,2.2167,4522058,150277564.49,7941323665.41,6750360000.0
2016-11-11,'002380,科远股份,32.73,32.98,32.6,32.76,32.71,0.02,0.0611,1.2001,2448126,80219562.77,7854926671.77,6676920000.0
2016-11-10,'002380,科远股份,32.71,32.92,32.4,32.64,32.37,0.34,1.0504,1.4317,2920601,95300381.99,7850126838.79,6672840000.0
2016-11-09,'002380,科远股份,32.37,32.6,31.61,32.24,32.4,-0.03,-0.0926,1.5692,3201246,102809492.52,7768529678.13,6603480000.0
2016-11-08,'002380,科远股份,32.4,33.49,32.1,32.97,32.44,-0.04,-0.1233,2.4388,4975207,162964306.97,7775729427.6,6609600000.0
2016-11-07,'002380,科远股份,32.44,32.53,31.28,31.85,31.6,0.84,2.6582,2.8334,5780057,185387184.77,7785329093.56,6617760000.0
2016-11-04,'002380,科远股份,31.6,32.0,31.4,31.66,31.66,-0.06,-0.1895,1.1252,2295449,72805065.52,7583736108.4,6446400000.0
2016-11-03,'002380,科远股份,31.66,31.83,31.05,31.13,31.41,0.25,0.7959,1.2845,2620341,82590739.65,7598135607.34,6458640000.0
2016-11-02,'002380,科远股份,31.41,31.8,30.8,31.31,31.31,0.1,0.3194,1.0968,2237442,70154815.7,7538137695.09,6407640000.0
2016-11-01,'002380,科远股份,31.31,31.35,30.8,30.89,30.83,0.48,1.5569,0.8375,1708532,53217928.66,7514138530.19,6387240000.0
2016-10-31,'002380,科远股份,30.83,30.98,30.46,30.98,31.09,-0.26,-0.8363,0.8499,1733715,53216493.62,7398942538.67,6289320000.0
2016-10-28,'002380,科远股份,31.09,31.56,31.02,31.16,31.18,-0.09,-0.2886,0.6601,1346700,42059533.08,7461340367.41,6342360000.0
2016-10-27,'002380,科远股份,31.18,31.39,30.9,31.3,31.43,-0.25,-0.7954,0.9228,1882536,58536033.88,7482939615.82,6360720000.0
2016-10-26,'002380,科远股份,31.43,32.18,31.37,32.13,32.1,-0.67,-2.0872,1.5705,3203746,101418431.29,7542937528.07,6411720000.0
2016-10-25,'002380,科远股份,32.1,32.75,31.97,32.53,32.8,-0.7,-2.1341,2.1036,4291425,138513139.95,7703731932.9,6548400000.0
2016-10-24,'002380,科远股份,32.8,33.0,31.07,31.2,31.2,1.6,5.1282,2.0658,4214174,134617420.27,7871726087.2,6691200000.0
2016-10-21,'002380,科远股份,31.2,31.53,31.0,31.48,31.45,-0.25,-0.7949,0.5939,1211475,37802396.27,7487739448.8,6364800000.0
2016-10-20,'002380,科远股份,31.45,31.55,31.16,31.55,31.29,0.16,0.5113,0.5345,1090410,34138597.42,7547737361.05,6415800000.0
2016-10-19,'002380,科远股份,31.29,31.7,31.18,31.52,31.52,-0.23,-0.7297,0.4625,943420,29656680.32,7509338697.21,6383160000.0
2016-10-18,'002380,科远股份,31.52,31.6,30.98,31.0,31.19,0.33,1.058,0.6331,1291567,40612657.0,7564536776.48,6430080000.0
2016-10-17,'002380,科远股份,31.19,31.95,31.12,31.75,31.58,-0.39,-1.235,0.5424,1106426,34879103.33,7485339532.31,6362760000.0
2016-10-14,'002380,科远股份,31.58,31.7,31.24,31.58,31.59,-0.01,-0.0317,0.553,1128155,35514224.46,7578936275.42,6442320000.0
2016-10-13,'002380,科远股份,31.59,31.81,31.5,31.81,31.69,-0.1,-0.3156,0.4362,889785,28141016.8,7581336191.91,6444360000.0
2016-10-12,'002380,科远股份,31.69,31.77,31.37,31.5,31.57,0.12,0.3801,0.7315,1492281,47203058.71,7605335356.81,6464760000.0
2016-10-11,'002380,科远股份,31.57,31.8,31.42,31.61,31.61,-0.04,-0.1265,0.7646,1559831,49322475.2,7576536358.93,6440280000.0
2016-10-10,'002380,科远股份,31.61,31.71,31.05,31.05,30.71,0.9,2.9306,0.8966,1829161,57448481.23,7586136024.89,6448440000.0
2016-09-30,'002380,科远股份,30.71,30.73,30.51,30.51,30.41,0.3,0.9865,0.3189,650524,19948192.76,7370143540.79,6264840000.0
2016-09-29,'002380,科远股份,30.41,30.8,30.4,30.59,30.59,-0.18,-0.5884,0.3454,704529,21550592.04,7298146046.09,6203640000.0
2016-09-28,'002380,科远股份,30.59,30.89,30.5,30.78,30.68,-0.09,-0.2934,0.2899,591495,18123142.43,7341344542.91,6240360000.0
2016-09-27,'002380,科远股份,30.68,30.75,30.2,30.2,30.12,0.56,1.8592,0.5935,1210737,36971719.97,7362943791.32,6258720000.0
2016-09-26,'002380,科远股份,30.12,30.42,30.0,30.13,30.33,-0.21,-0.6924,0.5689,1160606,35019606.43,7228548467.88,6144480000.0
2016-09-23,'002380,科远股份,30.33,30.6,30.28,30.5,30.52,-0.19,-0.6225,0.4282,873556,26559573.84,7278946714.17,6187320000.0
2016-09-22,'002380,科远股份,30.52,30.69,30.43,30.54,30.49,0.03,0.0984,0.4816,982392,29981104.49,7324545127.48,6226080000.0
2016-09-21,'002380,科远股份,30.49,30.7,30.4,30.67,30.68,-0.19,-0.6193,0.5222,1065199,32498865.18,7317345378.01,6219960000.0
2016-09-20,'002380,科远股份,30.68,30.99,30.54,30.9,30.84,-0.16,-0.5188,0.3594,733128,22520390.63,7362943791.32,6258720000.0
2016-09-19,'002380,科远股份,30.84,30.89,30.48,30.48,30.47,0.37,1.2143,0.3884,792290,24381651.66,7401342455.16,6291360000.0
2016-09-14,'002380,科远股份,30.47,30.7,30.1,30.1,30.41,0.06,0.1973,0.3355,684423,20906561.3,7312545545.03,6215880000.0
2016-09-13,'002380,科远股份,30.41,30.73,30.3,30.57,30.36,0.05,0.1647,0.4665,951696,29026722.74,7298146046.09,6203640000.0
2016-09-12,'002380,科远股份,30.36,31.0,30.36,31.0,31.36,-1.0,-3.1888,0.8291,1691402,51820673.85,7286146463.64,6193440000.0
2016-09-09,'002380,科远股份,31.36,31.68,31.28,31.68,31.55,-0.19,-0.6022,0.6454,1316527,41419335.17,7526138112.64,6397440000.0
2016-09-08,'002380,科远股份,31.55,31.7,31.28,31.45,31.45,0.1,0.318,0.6144,1253331,39437432.11,7571736525.95,6436200000.0
2016-09-07,'002380,科远股份,31.45,32.06,31.4,31.8,31.68,-0.23,-0.726,0.881,1797141,56977604.09,7547737361.05,6415800000.0
2016-09-06,'002380,科远股份,31.68,31.77,31.0,31.46,31.46,0.22,0.6993,1.0243,2089610,65496600.71,7602935440.32,6462720000.0
2016-09-05,'002380,科远股份,31.46,31.89,31.35,31.89,31.69,-0.23,-0.7258,0.6455,1316867,41615922.9,7550137277.54,6417840000.0
2016-09-02,'002380,科远股份,31.69,31.88,31.5,31.7,31.76,-0.07,-0.2204,0.6198,1264346,40025912.98,7605335356.81,6464760000.0
2016-09-01,'002380,科远股份,31.76,32.37,31.73,31.98,31.98,-0.22,-0.6879,0.7115,1451384,46473518.32,7622134772.24,6479040000.0
2016-08-31,'002380,科远股份,31.98,32.13,31.81,32.13,31.87,0.11,0.3452,0.3707,756130,24156595.91,7674932935.02,6523920000.0
2016-08-30,'002380,科远股份,31.87,32.19,31.76,32.06,31.98,-0.11,-0.344,0.5388,1099177,35082906.2,7648533853.63,6501480000.0
2016-08-29,'002380,科远股份,31.98,32.18,31.7,31.7,32.08,-0.1,-0.3117,0.8089,1650163,52750143.69,7674932935.02,6523920000.0
2016-08-26,'002380,科远股份,32.08,32.68,32.03,32.48,32.33,-0.25,-0.7733,0.965,1968641,63664838.95,7698932099.92,6544320000.0
2016-08-25,'002380,科远股份,32.33,33.0,31.91,32.75,33.4,-1.07,-3.2036,1.3892,2833995,91324727.28,7758930012.17,6595320000.0
2016-08-24,'002380,科远股份,33.4,34.47,33.21,33.76,33.98,-0.58,-1.7069,3.2086,6545624,222129808.24,8015721076.6,6813600000.0
2016-08-23,'002380,科远股份,33.98,34.0,32.17,32.42,32.4,1.58,4.8765,2.5471,5196134,173107505.57,8154916233.02,6931920000.0
2016-08-22,'002380,科远股份,32.4,32.59,32.02,32.02,32.1,0.3,0.9346,0.7085,1445352,46812320.06,7775729427.6,6609600000.0
2016-08-19,'002380,科远股份,32.1,32.37,32.0,32.12,32.24,-0.14,-0.4342,0.6697,1366171,43896039.86,7703731932.9,6548400000.0
2016-08-18,'002380,科远股份,32.24,32.77,32.0,32.55,32.55,-0.31,-0.9524,0.799,1629914,52781207.93,7737330763.76,6576960000.0
2016-08-17,'002380,科远股份,32.55,32.88,32.19,32.4,32.38,0.17,0.525,0.6506,1327199,43358257.58,7811728174.95,6640200000.0
2016-08-16,'002380,科远股份,32.38,32.46,32.12,32.12,32.19,0.19,0.5902,0.5885,1200528,38761244.86,7770929594.62,6605520000.0
2016-08-15,'002380,科远股份,32.19,32.47,31.5,31.94,31.68,0.51,1.6098,0.8835,1802335,57938181.03,7725331181.31,6566760000.0
2016-08-12,'002380,科远股份,31.68,31.77,31.42,31.61,31.65,0.03,0.0948,0.4953,1010355,31896075.01,7602935440.32,6462720000.0
2016-08-11,'002380,科远股份,31.65,32.18,31.65,31.92,32.09,-0.44,-1.3711,0.4655,949550,30330220.37,7595735690.85,6456600000.0
2016-08-10,'002380,科远股份,32.09,32.18,31.89,32.05,32.05,0.04,0.1248,0.4586,935608,29963902.47,7701332016.41,6546360000.0
2016-08-09,'002380,科远股份,32.05,32.16,31.52,31.65,31.65,0.4,1.2638,0.7213,1471420,46960964.61,7691732350.45,6538200000.0
2016-08-08,'002380,科远股份,31.65,31.78,31.3,31.3,31.64,0.01,0.0316,0.5729,1168686,36841346.01,7595735690.85,6456600000.0
2016-08-05,'002380,科远股份,31.64,32.11,31.54,32.11,31.74,-0.1,-0.3151,0.5524,1126952,35778751.94,7593335774.36,6454560000.0
2016-08-04,'002380,科远股份,31.74,32.0,31.5,31.9,31.78,-0.04,-0.1259,0.5003,1020704,32450461.15,7617334939.26,6474960000.0
2016-08-03,'002380,科远股份,31.78,32.27,31.65,31.84,31.84,-0.06,-0.1884,0.5762,1175451,37404513.53,7626934605.22,6483120000.0
2016-08-02,'002380,科远股份,31.84,31.95,31.3,31.6,31.64,0.2,0.6321,0.3286,670361,21290978.2,7641334104.16,6495360000.0
2016-08-01,'002380,科远股份,31.64,31.98,31.3,31.98,32.02,-0.38,-1.1868,0.6613,1349000,42542248.15,7593335774.36,6454560000.0
2016-07-29,'002380,科远股份,32.02,32.39,31.5,31.5,31.89,0.13,0.4077,0.9661,1970896,63217065.11,7684532600.98,6532080000.0
2016-07-28,'002380,科远股份,31.89,32.0,30.91,31.44,31.4,0.49,1.5605,1.4735,3005892,94671010.96,7653333686.61,6505560000.0
2016-07-27,'002380,科远股份,31.4,33.47,31.01,33.4,33.28,-1.88,-5.649,1.5471,3156163,101345402.88,7535737778.6,6405600000.0
2016-07-26,'002380,科远股份,33.28,33.35,32.86,33.07,33.06,0.22,0.6655,0.6517,1329536,44066616.67,7986922078.72,6789120000.0
2016-07-25,'002380,科远股份,33.06,33.2,32.6,32.61,32.95,0.11,0.3338,0.7527,1535445,50611222.19,7934123915.94,6744240000.0
2016-07-22,'002380,科远股份,32.95,33.42,32.94,33.42,33.2,-0.25,-0.753,0.9568,1951853,64710943.09,7907724834.55,6721800000.0
2016-07-21,'002380,科远股份,33.2,34.09,33.2,33.47,33.44,-0.24,-0.7177,1.0333,2107979,70814375.53,7967722746.8,6772800000.0
2016-07-20,'002380,科远股份,33.44,33.7,33.28,33.45,33.45,-0.01,-0.0299,0.6452,1316127,44017799.89,8025320742.56,6821760000.0
2016-07-19,'002380,科远股份,33.45,33.56,32.89,33.11,33.15,0.3,0.905,1.0409,2123520,70569003.77,8027720659.05,6823800000.0
2016-07-18,'002380,科远股份,33.15,34.19,33.15,34.19,34.72,-1.57,-4.5219,2.1053,4294765,143943693.31,7955723164.35,6762600000.0
2016-07-15,'002380,科远股份,34.72,35.36,34.38,35.36,35.36,-0.64,-1.81,1.8851,3845541,133690120.44,8332510053.28,7082880000.0
2016-07-14,'002380,科远股份,35.36,35.55,34.5,35.0,35.21,0.15,0.426,2.0975,4278935,150087465.14,8486104708.64,7213440000.0
2016-07-13,'002380,科远股份,35.21,35.22,33.54,33.9,33.95,1.26,3.7113,2.2678,4626305,159569283.6,8450105961.29,7182840000.0
2016-07-12,'002380,科远股份,33.95,34.95,32.3,34.82,34.65,-0.7,-2.0202,2.8311,5775477,193973630.84,8147716483.55,6925800000.0
2016-07-11,'002380,科远股份,34.65,35.76,34.62,35.15,35.54,-0.89,-2.5042,2.124,4332868,152417367.02,8315710637.85,7068600000.0
2016-07-08,'002380,科远股份,35.54,35.82,35.05,35.7,35.95,-0.41,-1.1405,2.1572,4400648,155776552.77,8529303205.46,7250160000.0
2016-07-07,'002380,科远股份,35.95,36.03,34.4,34.4,34.45,1.5,4.3541,4.5446,9270887,328988669.35,8627699781.55,7333800000.0
2016-07-06,'002380,科远股份,34.45,34.9,33.95,34.25,34.41,0.04,0.1162,1.2248,2498503,85533454.84,8267712308.05,7027800000.0
2016-07-05,'002380,科远股份,34.41,35.15,34.22,34.69,34.69,-0.28,-0.8071,1.3726,2800074,96700533.53,8258112642.09,7019640000.0
2016-07-04,'002380,科远股份,34.69,35.14,33.5,33.8,34.18,0.51,1.4921,1.8368,3747136,130175887.37,8325310303.81,7076760000.0
2016-07-01,'002380,科远股份,34.18,35.15,34.16,34.2,34.33,-0.15,-0.4369,2.0801,4243418,147301696.43,8202914562.82,6972720000.0
2016-06-30,'002380,科远股份,34.33,34.48,33.21,33.46,33.48,0.85,2.5388,2.5022,5104435,173869016.45,8238913310.17,7003320000.0
2016-06-29,'002380,科远股份,33.48,34.37,33.38,34.1,34.01,-0.53,-1.5584,1.3547,2763642,93033995.99,8034920408.52,6829920000.0
2016-06-28,'002380,科远股份,34.01,34.04,32.28,32.28,32.58,1.43,4.3892,2.1422,4370184,145099882.17,8162115982.49,6938040000.0
2016-06-27,'002380,科远股份,32.58,32.8,31.76,31.86,32.21,0.37,1.1487,1.3075,2667251,86450156.73,7818927924.42,6646320000.0
2016-06-24,'002380,科远股份,32.21,33.05,31.03,32.5,33.01,-0.8,-2.4235,1.8196,3712046,119576426.99,7730131014.29,6570840000.0
2016-06-23,'002380,科远股份,33.01,33.71,32.68,33.6,33.6,-0.59,-1.756,1.9436,3964870,130938193.84,7922124333.49,6734040000.0
2016-06-22,'002380,科远股份,33.6,33.68,32.6,33.07,32.94,0.66,2.0036,1.157,2360332,78360513.01,8063719406.4,6854400000.0
2016-06-21,'002380,科远股份,32.94,34.7,32.65,33.44,33.31,-0.37,-1.1108,1.9764,4031848,136416823.25,7905324918.06,6719760000.0
2016-06-20,'002380,科远股份,33.31,33.31,32.58,32.7,32.75,0.56,1.7099,0.937,1911433,63143999.57,7994121828.19,6795240000.0
2016-06-17,'002380,科远股份,32.75,33.63,32.45,33.06,32.96,-0.21,-0.6371,1.4212,2899327,95791564.82,7859726504.75,6681000000.0
2016-06-16,'002380,科远股份,32.96,34.29,32.88,33.87,33.85,-0.89,-2.6292,1.5913,3246299,108006060.4,7910124751.04,6723840000.0
2016-06-15,'002380,科远股份,33.85,34.33,32.17,32.32,32.72,1.13,3.4535,1.5729,3208637,108331704.7,8123717318.65,6905400000.0
2016-06-14,'002380,科远股份,32.72,33.0,32.21,32.53,32.53,0.19,0.5841,0.886,1807340,59125907.79,7852526755.28,6674880000.0
2016-06-13,'002380,科远股份,32.53,34.4,32.53,34.4,34.63,-2.1,-6.0641,1.2896,2630782,88207875.72,7806928341.97,6636120000.0
2016-06-08,'002380,科远股份,34.63,34.84,34.03,34.7,34.6,0.03,0.0867,1.2222,2493370,86023924.69,8310910804.87,7064520000.0
2016-06-07,'002380,科远股份,34.6,35.47,34.12,35.47,35.02,-0.42,-1.1993,1.5035,3067200,105908731.67,8303711055.4,7058400000.0
2016-06-06,'002380,科远股份,35.02,35.5,34.21,34.38,34.44,0.58,1.6841,2.7521,5614273,197438498.21,8404507547.98,7144080000.0
2016-06-03,'002380,科远股份,34.44,35.5,32.82,32.85,32.32,2.12,6.5594,3.2945,6720817,230791330.95,8265312391.56,7025760000.0
2016-06-02,'002380,科远股份,32.32,32.5,32.1,32.3,32.25,0.07,0.2171,0.8931,1821856,58851969.86,7756530095.68,6593280000.0
2016-06-01,'002380,科远股份,32.25,32.76,32.1,32.12,32.01,0.24,0.7498,1.3582,2770752,89736114.29,7739730680.25,6579000000.0
2016-05-31,'002380,科远股份,32.01,32.5,30.37,30.38,30.25,1.76,5.8182,1.6532,3372429,106674464.36,7682132684.49,6530040000.0
2016-05-30,'002380,科远股份,30.25,30.68,30.13,30.68,30.65,-0.4,-1.3051,0.5458,1113530,33825974.11,7259747382.25,6171000000.0
2016-05-27,'002380,科远股份,30.65,30.99,30.55,30.97,30.92,-0.27,-0.8732,0.5693,1161339,35673648.56,7355744041.85,6252600000.0
2016-05-26,'002380,科远股份,30.95,31.15,30.03,30.9,31.06,-0.11,-0.3542,0.9166,1869940,56976860.57,7427741536.55,6313800000.0
2016-05-25,'002380,科远股份,31.06,31.36,30.81,31.0,30.69,0.37,1.2056,0.8579,1750136,54388057.72,7454140617.94,6336240000.0
2016-05-24,'002380,科远股份,30.69,31.38,30.58,31.38,31.15,-0.46,-1.4767,0.6544,1334927,41218967.78,7365343707.81,6260760000.0
2016-05-23,'002380,科远股份,31.15,31.39,30.99,31.03,30.89,0.26,0.8417,0.7636,1557771,48597763.14,7475739866.35,6354600000.0
2016-05-20,'002380,科远股份,30.89,31.0,30.2,30.6,30.7,0.19,0.6189,0.6616,1349601,41393010.32,7413342037.61,6301560000.0
2016-05-19,'002380,科远股份,30.7,31.35,30.58,30.71,30.71,-0.01,-0.0326,0.8061,1644494,50979957.75,7367743624.3,6262800000.0
2016-05-18,'002380,科远股份,30.71,31.93,30.35,31.85,31.94,-1.23,-3.851,0.9152,1867063,57875740.24,7370143540.79,6264840000.0
2016-05-17,'002380,科远股份,31.94,32.49,31.71,31.93,31.93,0.01,0.0313,0.8455,1724839,55423812.53,7665333269.06,6515760000.0
2016-05-16,'002380,科远股份,31.93,31.99,31.18,31.54,31.65,0.28,0.8847,0.8494,1732712,54757585.03,7662933352.57,6513720000.0
2016-05-13,'002380,科远股份,31.65,32.44,31.5,32.1,32.0,-0.35,-1.0938,0.7154,1459377,46701607.97,7595735690.85,6456600000.0
2016-05-12,'002380,科远股份,32.0,32.0,29.91,30.97,31.4,0.6,1.9108,1.3021,2656251,82786290.97,7679732768.0,6528000000.0
2016-05-11,'002380,科远股份,31.4,31.99,31.34,31.9,31.34,0.06,0.1914,0.8109,1654149,52114860.88,7535737778.6,6405600000.0
2016-05-10,'002380,科远股份,31.34,32.49,31.2,32.49,31.9,-0.56,-1.7555,1.2048,2457892,77778564.06,7521338279.66,6393360000.0
2016-05-09,'002380,科远股份,31.9,33.45,31.75,32.75,33.56,-1.66,-4.9464,1.3638,2782231,90508703.92,7655733603.1,6507600000.0
2016-05-06,'002380,科远股份,33.56,35.5,33.5,35.38,34.94,-1.38,-3.9496,2.2074,4503188,154568215.71,8054119740.44,6846240000.0
2016-05-05,'002380,科远股份,34.94,35.45,34.4,34.45,34.52,0.42,1.2167,1.6664,3399526,118695507.49,8385308216.06,7127760000.0
2016-05-04,'002380,科远股份,34.52,34.8,34.01,34.4,34.47,0.05,0.1451,2.0735,4229896,145216724.98,8284511723.48,7042080000.0
2016-05-03,'002380,科远股份,34.47,34.49,33.5,33.67,33.57,0.9,2.681,1.6848,3436917,117397815.99,8272512141.03,7031880000.0
2016-04-29,'002380,科远股份,33.57,33.85,33.02,33.27,33.45,0.12,0.3587,1.3327,2718699,91253957.59,8056519656.93,6848280000.0
2016-04-28,'002380,科远股份,33.45,33.97,32.7,33.75,33.75,-0.3,-0.8889,1.5047,3069646,101830039.27,8027720659.05,6823800000.0
2016-04-27,'002380,科远股份,33.75,34.1,33.3,33.8,33.8,-0.05,-0.1479,1.2662,2583104,87573351.3,8099718153.75,6885000000.0
2016-04-26,'002380,科远股份,33.8,34.38,32.9,33.95,33.91,-0.11,-0.3244,2.1843,4455884,149120155.16,8111717736.2,6895200000.0
2016-04-25,'002380,科远股份,33.91,34.99,33.1,34.5,36.65,-2.74,-7.4761,3.2625,6655575,226748207.0,8138116817.59,6917640000.0
2016-04-22,'002380,科远股份,36.65,36.95,34.5,34.5,34.8,1.85,5.3161,2.7637,5637915,202436512.89,8795693935.85,7476600000.0
2016-04-21,'002380,科远股份,34.8,35.91,34.42,35.0,35.2,-0.4,-1.1364,2.3499,4793757,169328284.31,8351709385.2,7099200000.0
2016-04-20,'002380,科远股份,35.2,38.02,33.59,37.6,37.32,-2.12,-5.6806,2.5757,5254440,188434518.9,8447706044.8,7180800000.0
2016-04-19,'002380,科远股份,37.32,37.86,37.0,37.4,37.1,0.22,0.593,1.2313,2511855,93997098.71,8956488340.68,7613280000.0
2016-04-18,'002380,科远股份,37.1,38.84,36.9,38.84,38.84,-1.74,-4.4799,2.5266,5154213,192695465.14,8903690177.9,7568400000.0
2016-04-15,'002380,科远股份,38.84,39.35,38.18,38.78,38.53,0.31,0.8046,1.7996,3671102,142194744.21,7923360000.0,7923360000.0
2016-04-14,'002380,科远股份,38.53,39.0,37.91,38.12,38.02,0.51,1.3414,2.0242,4129330,158161479.61,7860120000.0,7860120000.0
2016-04-13,'002380,科远股份,38.02,38.65,37.03,37.03,37.25,0.77,2.0671,3.498,7136000,272756033.43,7756080000.0,7756080000.0
2016-04-12,'002380,科远股份,37.25,38.38,36.69,37.96,37.98,-0.73,-1.9221,3.9669,8092522,303913519.72,7599000000.0,7599000000.0
2016-04-11,'002380,科远股份,37.98,38.0,35.01,35.01,34.79,3.19,9.1693,3.0208,6162403,223543221.39,7747920000.0,7747920000.0
2016-04-08,'002380,科远股份,34.79,35.26,34.47,35.25,35.2,-0.41,-1.1648,1.6045,3273219,113818810.13,7097160000.0,7097160000.0
2016-04-07,'002380,科远股份,35.2,36.63,35.19,36.49,36.39,-1.19,-3.2701,2.0337,4148802,148614294.75,7180800000.0,7180800000.0
2016-04-06,'002380,科远股份,36.39,37.18,35.41,36.2,35.95,0.44,1.2239,3.2352,6599720,240800981.54,7423560000.0,7423560000.0
2016-04-05,'002380,科远股份,35.95,36.05,34.73,34.98,35.0,0.95,2.7143,1.948,3973913,141651132.27,7333800000.0,7333800000.0
2016-04-01,'002380,科远股份,35.0,35.5,33.99,35.1,35.1,-0.1,-0.2849,1.3301,2713430,94241519.99,7140000000.0,7140000000.0
2016-03-31,'002380,科远股份,35.1,35.94,34.9,35.58,35.79,-0.69,-1.9279,2.064,4210558,148918934.21,7160400000.0,7160400000.0
2016-03-30,'002380,科远股份,35.79,35.99,34.2,34.34,33.8,1.99,5.8876,2.0095,4099443,143391815.39,7301160000.0,7301160000.0
2016-03-29,'002380,科远股份,33.8,34.98,33.67,34.83,34.79,-0.99,-2.8456,1.3008,2653680,91087096.83,6895200000.0,6895200000.0
2016-03-28,'002380,科远股份,34.79,36.45,34.7,35.5,35.15,-0.36,-1.0242,1.7206,3509923,124978210.68,7097160000.0,7097160000.0
2016-03-25,'002380,科远股份,35.15,35.6,34.31,34.49,34.79,0.36,1.0348,1.7017,3471437,121740451.45,7170600000.0,7170600000.0
2016-03-24,'002380,科远股份,34.79,35.64,34.52,34.98,35.4,-0.61,-1.7232,1.8475,3768990,132098803.29,7097160000.0,7097160000.0
2016-03-23,'002380,科远股份,35.4,35.79,34.68,35.29,35.53,-0.13,-0.3659,2.1851,4457507,156557350.04,7221600000.0,7221600000.0
2016-03-22,'002380,科远股份,35.53,36.48,35.18,35.2,35.9,-0.37,-1.0306,1.901,3878079,138898215.86,7248120000.0,7248120000.0
2016-03-21,'002380,科远股份,35.9,36.6,35.28,35.76,35.45,0.45,1.2694,3.162,6450476,231407878.78,7323600000.0,7323600000.0
2016-03-18,'002380,科远股份,35.45,35.75,34.2,34.42,34.42,1.03,2.9924,3.9953,8150385,286174132.71,7231800000.0,7231800000.0
2016-03-17,'002380,科远股份,34.42,34.9,32.8,33.0,32.89,1.53,4.6519,2.7537,5617510,191363591.31,7021680000.0,7021680000.0
2016-03-16,'002380,科远股份,32.89,34.7,32.59,34.7,33.95,-1.06,-3.1222,2.1799,4447019,148471668.97,6709560000.0,6709560000.0
2016-03-15,'002380,科远股份,33.95,34.9,33.6,34.9,34.7,-0.75,-2.1614,2.2528,4595666,156686661.6,6925800000.0,6925800000.0
2016-03-14,'002380,科远股份,34.7,35.0,32.53,33.0,32.17,2.53,7.8645,2.8261,5765311,196241967.78,7078800000.0,7078800000.0
2016-03-11,'002380,科远股份,32.17,32.26,30.01,30.2,31.14,1.03,3.3076,2.2032,4494470,142415832.65,6562680000.0,6562680000.0
2016-03-10,'002380,科远股份,31.14,32.3,30.95,31.56,31.39,-0.25,-0.7964,1.8496,3773238,119374712.41,6352560000.0,6352560000.0
2016-03-09,'002380,科远股份,31.39,32.32,30.01,30.5,31.05,0.34,1.095,2.6654,5437337,172218884.63,6403560000.0,6403560000.0
2016-03-08,'002380,科远股份,31.05,31.07,29.3,31.0,30.99,0.06,0.1936,2.2147,4517925,136783569.44,6334200000.0,6334200000.0
2016-03-07,'002380,科远股份,30.99,31.8,30.5,30.74,29.82,1.17,3.9235,2.0143,4109166,127872386.26,6321960000.0,6321960000.0
2016-03-04,'002380,科远股份,29.82,32.58,29.68,31.75,32.8,-2.98,-9.0854,3.2402,6609948,203797209.13,6083280000.0,6083280000.0
2016-03-03,'002380,科远股份,32.8,33.92,32.19,32.2,32.65,0.15,0.4594,2.7957,5703144,189557622.35,6691200000.0,6691200000.0
2016-03-02,'002380,科远股份,32.65,33.5,30.78,31.65,31.32,1.33,4.2465,3.5215,7183931,229374052.98,6660600000.0,6660600000.0
2016-03-01,'002380,科远股份,31.32,32.2,29.24,32.2,31.69,-0.37,-1.1676,3.4573,7052980,218131346.1,6389280000.0,6389280000.0
2016-02-29,'002380,科远股份,31.69,35.5,31.41,34.6,34.9,-3.21,-9.1977,3.2229,6574669,215924044.01,6464760000.0,6464760000.0
2016-02-26,'002380,科远股份,34.9,35.68,33.6,34.47,34.47,0.43,1.2475,1.8184,3709489,128866385.34,7119600000.0,7119600000.0
2016-02-25,'002380,科远股份,34.47,38.1,34.47,38.1,38.3,-3.83,-10.0,2.3146,4721701,170188848.15,7031880000.0,7031880000.0
2016-02-24,'002380,科远股份,38.3,38.6,36.5,37.7,37.8,0.5,1.3228,2.9868,6093062,229541478.74,7813200000.0,7813200000.0
2016-02-23,'002380,科远股份,37.8,38.0,36.01,36.95,36.85,0.95,2.578,2.2872,4665939,173066761.87,7711200000.0,7711200000.0
2016-02-22,'002380,科远股份,36.85,37.8,36.0,37.8,37.11,-0.26,-0.7006,2.4576,5013406,183572433.27,7517400000.0,7517400000.0
2016-02-19,'002380,科远股份,37.11,37.79,36.2,36.59,36.1,1.01,2.7978,2.8477,5809347,214406581.4,7570440000.0,7570440000.0
2016-02-18,'002380,科远股份,36.1,38.5,36.1,37.01,37.0,-0.9,-2.4324,2.2399,4569402,168472978.76,7364400000.0,7364400000.0
2016-02-17,'002380,科远股份,37.0,37.36,35.11,37.0,36.9,0.1,0.271,3.1107,6345877,230881196.6,7548000000.0,7548000000.0
2016-02-16,'002380,科远股份,36.9,37.39,34.36,34.6,33.99,2.91,8.5613,4.0043,8168782,297615894.29,7527600000.0,7527600000.0
2016-02-15,'002380,科远股份,33.99,33.99,28.8,29.0,30.9,3.09,10.0,3.5696,7281995,237520831.72,6933960000.0,6933960000.0
2016-02-05,'002380,科远股份,30.9,32.99,30.88,32.99,31.91,-1.01,-3.1652,1.1196,2283980,72351343.92,6303600000.0,6303600000.0
2016-02-04,'002380,科远股份,31.91,32.5,31.15,31.15,31.0,0.91,2.9355,1.3809,2817070,90132441.82,6509640000.0,6509640000.0
2016-02-03,'002380,科远股份,31.0,31.5,30.48,31.09,31.55,-0.55,-1.7433,1.3295,2712266,83871789.74,6324000000.0,6324000000.0
2016-02-02,'002380,科远股份,31.55,31.82,29.58,30.51,30.5,1.05,3.4426,2.1162,4317114,134412974.48,6436200000.0,6436200000.0
2016-02-01,'002380,科远股份,30.5,31.48,29.39,30.2,30.15,0.35,1.1609,1.4976,3055037,93442753.44,6222000000.0,6222000000.0
2016-01-29,'002380,科远股份,30.15,30.5,28.48,28.51,29.1,1.05,3.6082,1.4804,3019999,89304791.05,6150600000.0,6150600000.0
2016-01-28,'002380,科远股份,29.1,30.5,27.99,29.78,30.35,-1.25,-4.1186,1.2018,2451624,71947210.21,5936400000.0,5936400000.0
2016-01-27,'002380,科远股份,30.35,30.96,26.8,30.01,29.21,1.14,3.9028,1.6164,3297473,94792680.01,6191400000.0,6191400000.0
2016-01-26,'002380,科远股份,29.21,32.45,29.21,32.45,32.45,-3.24,-9.9846,1.6165,3297679,100647144.14,5958840000.0,5958840000.0
2016-01-25,'002380,科远股份,32.45,33.5,32.04,32.8,32.18,0.27,0.839,1.1605,2367337,77345172.97,6619800000.0,6619800000.0
2016-01-22,'002380,科远股份,32.18,32.93,30.62,31.6,31.58,0.6,1.8999,1.6611,3388585,107353618.3,6564720000.0,6564720000.0
2016-01-21,'002380,科远股份,31.58,34.42,31.4,33.41,34.43,-2.85,-8.2777,2.2876,4666729,154668966.72,6442320000.0,6442320000.0
2016-01-20,'002380,科远股份,34.43,35.25,33.07,34.12,34.13,0.3,0.879,1.9494,3976790,136866568.94,7023720000.0,7023720000.0
2016-01-19,'002380,科远股份,34.13,34.88,31.5,31.5,31.88,2.25,7.0577,2.408,4912420,162589596.39,6962520000.0,6962520000.0
2016-01-18,'002380,科远股份,31.88,32.3,30.18,30.27,31.01,0.87,2.8055,1.8539,3781957,119296533.71,6503520000.0,6503520000.0
2016-01-15,'002380,科远股份,31.01,33.0,30.61,32.61,32.54,-1.53,-4.7019,1.8969,3869575,123687230.35,6326040000.0,6326040000.0
2016-01-14,'002380,科远股份,32.54,33.0,29.8,30.02,31.16,1.38,4.4288,1.9611,4000601,127315969.02,6638160000.0,6638160000.0
2016-01-13,'002380,科远股份,31.16,34.0,31.08,31.75,31.65,-0.49,-1.5482,1.8688,3812279,122690254.74,6356640000.0,6356640000.0
2016-01-12,'002380,科远股份,31.65,32.79,29.99,30.65,30.01,1.64,5.4648,2.446,4989867,154680838.64,6456600000.0,6456600000.0
2016-01-11,'002380,科远股份,30.01,32.32,30.01,32.0,33.34,-3.33,-9.988,1.8331,3739451,115404342.97,6122040000.0,6122040000.0
2016-01-08,'002380,科远股份,33.34,36.12,30.93,34.3,34.37,-1.03,-2.9968,3.4765,7092137,237078972.94,6801360000.0,6801360000.0
2016-01-07,'002380,科远股份,34.37,37.3,34.36,37.18,38.18,-3.81,-9.979,0.5024,1024800,36631559.15,7011480000.0,7011480000.0
2016-01-06,'002380,科远股份,38.18,38.68,37.01,37.9,38.08,0.1,0.2626,2.3181,4728827,178892438.78,7788720000.0,7788720000.0
2016-01-05,'002380,科远股份,38.08,38.9,33.0,33.0,36.32,1.76,4.8458,2.8435,5800663,213993046.77,7768320000.0,7768320000.0
2016-01-04,'002380,科远股份,36.32,41.7,36.23,40.3,40.09,-3.77,-9.4038,2.0957,4275173,169773015.7,7409280000.0,7409280000.0
2015-12-31,'002380,科远股份,40.09,41.79,39.78,41.21,41.13,-1.04,-2.5286,1.5158,3092293,124889811.76,8178360000.0,8178360000.0
2015-12-30,'002380,科远股份,41.13,42.62,40.4,41.08,41.1,0.03,0.073,2.9965,6112808,253934957.44,8390520000.0,8390520000.0
2015-12-29,'002380,科远股份,41.1,41.1,38.35,38.35,38.35,2.75,7.1708,2.8485,5811005,231357348.6,8384400000.0,8384400000.0
2015-12-28,'002380,科远股份,38.35,39.75,37.85,38.63,38.52,-0.17,-0.4413,1.8615,3797474,147767884.55,7823400000.0,7823400000.0
2015-12-25,'002380,科远股份,38.52,39.2,37.54,37.69,38.0,0.52,1.3684,1.951,3980000,153954922.65,7858080000.0,7858080000.0
2015-12-24,'002380,科远股份,38.0,38.41,36.74,38.09,37.7,0.3,0.7958,2.7532,5616443,209901259.09,7752000000.0,7752000000.0
2015-12-23,'002380,科远股份,37.7,39.94,37.21,39.5,39.94,-2.24,-5.6084,2.5569,5215991,201123762.46,7690800000.0,7690800000.0
2015-12-22,'002380,科远股份,39.94,41.25,39.0,39.52,40.01,-0.07,-0.175,2.8045,5721129,230507030.0,8147760000.0,8147760000.0
2015-12-21,'002380,科远股份,40.01,41.3,38.19,38.78,38.5,1.51,3.9221,5.7959,11823717,474914144.69,8162040000.0,8162040000.0
2015-12-18,'002380,科远股份,38.5,38.6,35.89,37.47,36.96,1.54,4.1667,4.3172,8807182,327502820.38,7854000000.0,7854000000.0
2015-12-17,'002380,科远股份,36.96,36.96,33.9,33.9,33.6,3.36,10.0,4.5993,9382619,336457858.5,7539840000.0,7539840000.0
2015-12-16,'002380,科远股份,33.6,34.2,33.53,33.98,33.87,-0.27,-0.7972,1.5246,3110161,105060473.84,6854400000.0,6854400000.0
2015-12-15,'002380,科远股份,33.87,34.59,33.0,33.02,32.58,1.29,3.9595,2.1028,4289740,145634072.16,6909480000.0,6909480000.0
2015-12-14,'002380,科远股份,32.58,32.67,31.5,31.9,31.51,1.07,3.3957,1.4294,2915985,93395727.05,6646320000.0,6646320000.0
2015-12-11,'002380,科远股份,31.51,32.65,31.2,32.15,31.92,-0.41,-1.2845,1.4661,2990815,95223956.31,6428040000.0,6428040000.0
2015-12-10,'002380,科远股份,31.92,32.68,30.38,30.65,30.63,1.29,4.2116,2.2699,4630686,147001779.65,6511680000.0,6511680000.0
2015-12-09,'002380,科远股份,30.63,31.09,30.33,30.5,30.72,-0.09,-0.293,1.1927,2433121,74881201.95,6248520000.0,6248520000.0
2015-12-08,'002380,科远股份,30.72,31.65,30.58,31.45,31.68,-0.96,-3.0303,1.5149,3090306,95692915.31,6266880000.0,6266880000.0
2015-12-07,'002380,科远股份,31.68,32.2,31.0,31.75,31.8,-0.12,-0.3774,1.8029,3677882,116385276.62,6462720000.0,6462720000.0
2015-12-04,'002380,科远股份,31.8,32.3,31.16,31.58,31.63,0.17,0.5375,1.6416,3348823,106533941.08,6487200000.0,6487200000.0
2015-12-03,'002380,科远股份,31.63,32.05,30.72,30.72,31.02,0.61,1.9665,1.3048,2661851,84227994.81,6452520000.0,6452520000.0
2015-12-02,'002380,科远股份,31.02,32.5,30.01,32.5,32.3,-1.28,-3.9628,1.5866,3236702,100665920.64,6328080000.0,6328080000.0
2015-12-01,'002380,科远股份,32.3,32.8,31.9,32.32,32.48,-0.18,-0.5542,1.613,3290525,106578180.08,6589200000.0,6589200000.0
2015-11-30,'002380,科远股份,32.48,32.9,30.05,31.99,32.02,0.46,1.4366,2.5109,5122137,161990916.31,6625920000.0,6625920000.0
2015-11-27,'002380,科远股份,32.02,34.9,31.85,34.9,35.1,-3.08,-8.7749,2.7556,5621474,187992151.74,6532080000.0,6532080000.0
2015-11-26,'002380,科远股份,35.1,37.0,35.0,36.8,36.7,-1.6,-4.3597,2.8228,5758594,206525371.36,7160400000.0,7160400000.0
2015-11-25,'002380,科远股份,36.7,37.0,35.09,35.6,35.9,0.8,2.2284,3.4657,7070095,253416267.66,7486800000.0,7486800000.0
2015-11-24,'002380,科远股份,35.9,37.02,35.08,35.6,35.5,0.4,1.1268,3.3536,6841262,246697184.7,7323600000.0,7323600000.0
2015-11-23,'002380,科远股份,35.5,37.19,35.2,35.23,35.01,0.49,1.3996,3.9806,8120467,293018206.18,7242000000.0,7242000000.0
2015-11-20,'002380,科远股份,35.01,35.51,33.45,34.65,33.98,1.03,3.0312,3.4637,7065952,243736292.49,7142040000.0,7142040000.0
2015-11-19,'002380,科远股份,33.98,34.24,32.4,32.5,32.52,1.46,4.4895,2.5545,5211215,175361684.0,6931920000.0,6931920000.0
2015-11-18,'002380,科远股份,32.52,34.7,32.48,34.51,34.18,-1.66,-4.8566,2.8904,5896445,197218397.63,6634080000.0,6634080000.0
